0.007874632825135008 9
0.14865347670217066 26
0.2894323205792063 34
0.43021116445624197 60
0.5709900083332776 70
0.7117688522103133 74
0.8525476960873489 86
0.9933265399643846 129
1.1341053838414203 149
1.2748842277184558 156
1.4156630715954917 211
1.556441915472527 233
1.697220759349563 250
1.8379996032265984 316
1.9787784471036343 351
2.1195572909806697 370
2.2603361348577056 409
2.4011149787347414 420
2.541893822611777 477
2.6826726664888123 545
2.823451510365848 569
2.964230354242884 588
3.1050091981199195 660
3.245788041996955 674
3.386566885873991 688
3.5273457297510267 807
3.668124573628062 792
3.8089034175050975 818
3.9496822613821334 825
4.090461105259169 861
4.231239949136204 923
4.37201879301324 902
4.512797636890276 883
4.6535764807673115 954
4.794355324644347 857
4.935134168521382 863
5.075913012398418 868
5.216691856275454 865
5.357470700152489 840
5.498249544029525 816
5.639028387906561 845
5.779807231783597 858
5.9205860756606326 715
6.0613649195376675 753
6.202143763414703 660
6.342922607291739 633
6.483701451168774 585
6.62448029504581 544
6.765259138922846 443
6.906037982799882 382
7.046816826676918 357
7.187595670553953 321
7.328374514430989 281
7.4691533583080245 213
7.6099322021850595 192
7.750711046062095 149
7.891489889939131 128
8.032268733816167 92
8.173047577693204 77
8.313826421570239 56
8.454605265447274 49
8.59538410932431 24
8.736162953201346 19
8.876941797078382 21
9.017720640955417 8
9.158499484832452 9
9.29927832870949 2
9.440057172586524 2
