5.287461336775831 12.0
5.313751307376918 27.0
5.340041277978004 141.0
5.366331248579091 588.0
5.392621219180178 1545.0
5.418911189781265 3120.0
5.445201160382352 5151.0
5.4714911309834395 6207.0
5.497781101584526 5715.0
5.524071072185613 4125.0
5.5503610427867 2109.0
5.576651013387787 864.0
5.602940983988874 303.0
5.629230954589961 66.0
5.655520925191047 21.0
5.681810895792134 6.0
5.708100866393221 0.0
5.734390836994308 0.0
5.760680807595395 0.0
5.786970778196482 3.0
5.813260748797569 4.0
5.839550719398656 24.0
5.865840689999743 114.0
5.89213066060083 349.0
5.918420631201917 824.0
5.944710601803004 1458.0
5.97100057240409 1974.0
5.997290543005177 2041.0
6.023580513606264 1625.0
6.049870484207351 965.0
6.076160454808438 406.0
6.102450425409525 158.0
6.1287403960106115 42.0
6.155030366611699 10.0
6.181320337212786 2.0
6.207610307813873 1.0
6.23390027841496 0.0
6.260190249016047 0.0
6.286480219617133 0.0
6.31277019021822 0.0
6.339060160819307 0.0
6.365350131420394 0.0
6.391640102021481 0.0
6.417930072622568 0.0
6.444220043223655 0.0
6.470510013824741 0.0
6.496799984425829 0.0
6.523089955026916 0.0
6.549379925628003 0.0
6.57566989622909 0.0
6.601959866830176 0.0
6.628249837431263 0.0
6.65453980803235 0.0
6.680829778633437 0.0
6.707119749234524 0.0
6.733409719835611 0.0
6.7596996904366975 0.0
6.785989661037785 0.0
6.812279631638871 0.0
6.838569602239959 0.0
6.864859572841046 0.0
6.891149543442133 0.0
6.917439514043219 0.0
6.943729484644306 0.0
6.970019455245393 0.0
6.99630942584648 0.0
7.022599396447567 0.0
7.048889367048654 0.0
7.0751793376497405 0.0
7.101469308250827 0.0
7.127759278851915 0.0
7.154049249453001 0.0
7.180339220054089 0.0
7.206629190655176 0.0
7.232919161256262 0.0
7.259209131857349 0.0
7.285499102458436 0.0
7.311789073059523 0.0
7.33807904366061 0.0
7.364369014261697 0.0
7.3906589848627835 0.0
7.416948955463871 0.0
7.443238926064957 0.0
7.469528896666045 0.0
7.495818867267131 8.0
7.522108837868219 14.0
7.5483988084693046 84.0
7.574688779070392 362.0
7.600978749671479 984.0
7.627268720272566 1990.0
7.653558690873653 3366.0
7.67984866147474 4168.0
7.7061386320758265 3818.0
7.732428602676913 2820.0
7.758718573278001 1488.0
7.785008543879087 608.0
7.811298514480175 224.0
7.837588485081261 44.0
7.8638784556823484 18.0
7.890168426283434 4.0
