0.7488 0
1.246 0
1.744 0
2.241 0
2.739 0
3.236 0
3.734 0
4.231 0
4.729 0
5.226 0.000181514
5.724 0.000198555
6.221 0.000213996
6.719 0.00022628
7.216 0.000234063
7.714 0.000236402
8.211 0.000232863
8.709 0.000223561
9.206 0.000209118
9.704 0.000190551
10.2 0.000169129
10.7 0.000146221
11.2 0.000123133
11.69 0.000101001
12.19 8.07e-05
12.69 6.28e-05
13.19 4.76e-05
13.68 3.52e-05
14.18 2.53e-05
14.68 1.77e-05
15.18 1.21e-05
15.67 8.08e-06
16.17 5.25e-06
16.67 3.32e-06
17.17 2.05e-06
17.66 1.24e-06
18.16 7.29e-07
18.66 4.20e-07
19.16 2.36e-07
19.65 1.30e-07
20.15 6.97e-08
20.65 3.67e-08
21.15 1.89e-08
21.64 9.54e-09
22.14 4.69e-09
22.64 2.28e-09
23.14 1.06e-09
23.63 4.97e-10
24.13 2.17e-10
24.63 9.74e-11
25.13 3.89e-11
25.62 1.68e-11
26.12 6.21e-12
26.62 2.26e-12
27.12 7.31e-13
27.61 2.17e-13
28.11 5.38e-14
28.61 6.92e-15
29.11 2.31e-15
29.6 5.34e-16
30.1 1.38e-16
30.6 4.14e-18
31.1 0
31.59 0
32.09 0
32.59 0
33.09 0
33.58 0
34.08 0
34.58 0
35.08 0
35.57 0
36.07 0
36.57 0
37.07 0
37.56 0
38.06 0
38.56 0
39.06 0
39.55 0
40.05 0
40.55 0
41.05 0
41.54 0
42.04 0
42.54 0
43.04 0
43.53 0
44.03 0
44.53 0
45.03 0
45.52 0
46.02 0
46.52 0
47.02 0
47.51 0
48.01 0
48.51 0
49.01 0
49.5 0
50 0
50.5 0
51 0
51.49 0
51.99 0
52.49 0
52.99 0
53.48 0
53.98 0
54.48 0
54.98 0
55.47 0
55.97 0
56.47 0
56.97 0
57.46 0
57.96 0
58.46 0
58.96 0
59.45 0
59.95 0
60.45 0
60.95 0
61.44 0
61.94 0
62.44 0
62.94 0
63.43 0
63.93 0
64.43 0
64.93 0
65.42 0
65.92 0
66.42 0
66.92 0
67.41 0
67.91 0
68.41 0
68.91 0
69.4 0
69.9 0
70.4 0
70.9 0
71.39 0
71.89 0
72.39 0
72.89 0
73.38 0
73.88 0
74.38 0
74.88 0
75.37 0
75.87 0
76.37 0
76.87 0
77.36 0
77.86 0
78.36 0
78.86 0
79.35 0
79.85 0
80.35 0
80.85 0
81.34 0
81.84 0
82.34 0
82.84 0
83.33 0
83.83 0
84.33 0
84.83 0
85.32 0
85.82 0
86.32 0
86.82 0
87.31 0
87.81 0
88.31 0
88.81 0
89.3 0
89.8 0
90.3 0
90.8 0
91.29 0
91.79 0
92.29 0
92.79 0
93.28 0
93.78 0
94.28 0
94.78 0
95.27 0
95.77 0
96.27 0
96.77 0
97.26 0
97.76 0
98.26 0
98.76 0
99.25 0
99.75 0
