2.4919065086385244 8.285827919925758e-05
2.7814047715084356 0.00029828980511732717
3.0709030343783468 0.0008285827919925764
3.3604012972482575 0.0011103009412700528
3.6498995601181687 0.0015577356489460449
3.93939782298808 0.002286888505899513
4.228896085857991 0.003380617791329716
4.518394348727902 0.005269786557072758
4.807892611597813 0.007838393212249682
5.097390874467724 0.009694418666313008
5.3868891373376355 0.013157894736841893
5.676387400207546 0.016737372398249736
5.965885663077458 0.019968845287020705
6.255383925947369 0.02623293119448443
6.5448821888172795 0.029862123823411826
6.834380451687191 0.03506562375712588
7.123878714557102 0.039490255866367056
7.413376977427013 0.04364974148217056
7.702875240296924 0.04959896592867836
7.992373503166835 0.05390759644704055
8.281871766036748 0.05858080339387955
8.571370028906657 0.06022139732202515
8.860868291776569 0.06090083521145919
9.15036655464648 0.06101683680233817
9.43986481751639 0.05922709797163388
9.729363080386301 0.05872994829643824
10.018861343256212 0.05581333686862383
10.308359606126125 0.05107384329842542
10.597857868996034 0.043235450086174194
10.887356131865946 0.03761765875646349
11.176854394735859 0.02977926554421257
11.466352657605768 0.02209001723452165
11.75585092047568 0.01667108577489033
12.04534918334559 0.010672146360864224
12.334847446215502 0.006910380485218019
12.624345709085414 0.0038777674665252627
12.913843971955323 0.0017234522073445605
13.203342234825236 0.0011103009412700528
13.492840497695145 0.0005468646427150999
13.782338760565057 0.00018228821423836664
