2.4919065086385244 0.0001914014121537412
2.7814047715084356 0.00032062797391118713
3.0709030343783468 0.000524328316497503
3.3604012972482575 0.0008370489255534038
3.6498995601181687 0.0013044997579649245
3.93939782298808 0.001984644803250202
4.228896085857991 0.002947590910461122
4.518394348727902 0.004273633300778518
4.807892611597813 0.006048851599491505
5.097390874467724 0.008357843479500379
5.3868891373376355 0.011273562228722783
5.676387400207546 0.014844778711663327
5.965885663077458 0.019082352692292567
6.255383925947369 0.02394615216129672
6.5448821888172795 0.029334938765784146
6.834380451687191 0.0350816703267322
7.123878714557102 0.040956323901536175
7.413376977427013 0.046677469484689205
7.702875240296924 0.05193250448910374
7.992373503166835 0.05640490340225563
8.281871766036748 0.05980535616664717
8.571370028906657 0.06190260583331568
8.860868291776569 0.06254943777427906
9.15036655464648 0.0616997661928524
9.43986481751639 0.059414063367444724
9.729363080386301 0.055852243238076305
10.018861343256212 0.05125516255449088
10.308359606126125 0.045917711870670244
10.597857868996034 0.04015766854251534
10.887356131865946 0.03428485932568683
11.176854394735859 0.028574713307873704
11.466352657605768 0.023249146845290492
11.75585092047568 0.01846621077050348
12.04534918334559 0.014318389911255072
12.334847446215502 0.010838176272192978
12.624345709085414 0.008008733907293663
12.913843971955323 0.005777196605794256
13.203342234825236 0.004068328933653595
13.492840497695145 0.0027967947786887233
13.782338760565057 0.0018769416425354235
