0.26666666666666666 2.142857142857143
0.8 5.30188679245283
1.3333333333333335 12.148148148148149
1.8666666666666667 24.32075471698113
2.4 39.886792452830186
2.9333333333333336 58.51851851851852
3.466666666666667 86.49056603773585
4.0 113.16981132075472
4.533333333333333 140.3148148148148
5.066666666666666 165.81132075471697
5.6 183.9056603773585
6.133333333333333 200.92592592592592
6.666666666666667 197.33962264150944
7.2 182.73584905660377
7.733333333333333 152.87037037037038
8.266666666666666 118.9622641509434
8.8 85.69811320754717
9.333333333333332 56.666666666666664
9.866666666666667 31.30188679245283
10.399999999999999 12.283018867924529
10.933333333333334 4.352941176470588
11.466666666666665 1.7391304347826086
12.0 1.0
12.533333333333333 0.0
13.066666666666666 0.0
13.600000000000001 0.0
14.133333333333333 0.0
14.666666666666668 0.0
15.2 0.0
15.733333333333334 0.0
