0.26666666666666666 96.13333333333334
0.8 101.49056603773585
1.3333333333333335 104.62962962962963
1.8666666666666667 103.01886792452831
2.4 100.64150943396227
2.9333333333333336 102.96296296296296
3.466666666666667 103.28301886792453
4.0 101.64150943396227
4.533333333333333 101.57407407407408
5.066666666666666 103.37735849056604
5.6 100.73584905660377
6.133333333333333 97.03703703703704
6.666666666666667 95.64150943396227
7.2 92.43396226415095
7.733333333333333 88.74074074074075
8.266666666666666 79.54716981132076
8.8 73.79245283018868
9.333333333333332 66.07407407407408
9.866666666666667 55.320754716981135
10.399999999999999 47.0377358490566
10.933333333333334 36.48148148148148
11.466666666666665 26.30188679245283
12.0 18.32075471698113
12.533333333333333 11.703703703703704
13.066666666666666 5.903846153846154
13.600000000000001 2.5348837209302326
14.133333333333333 1.4285714285714286
14.666666666666668 1.2307692307692308
15.2 0.0
15.733333333333334 0.0
