0.0 584.2752612000032
0.375 536.6798496000055
0.75 540.6376656000058
1.125 502.1612760000048
1.5 546.8097192000051
1.875 607.2787296000051
2.25 768.6132156000051
2.625 985.9026624000069
3.0 1248.535844400001
3.375 1505.1360311999933
3.75 1876.9033151999847
4.125 2154.0360095999754
4.5 2342.2996895999718
4.875 2503.3507103999686
5.25 2494.4670179999675
5.625 2177.841737999972
6.0 1844.465269199978
6.375 1327.0075691999887
6.75 797.3341235999998
7.125 474.5956223999989
7.5 235.2975095999995
7.875 134.72619599999973
8.25 122.10932039999973
8.625 103.74291479999982
9.0 62.76882240000005
9.375 69.74313600000002
9.75 54.05093040000003
10.125 48.820195200000015
10.5 36.615146399999986
10.875 21.794729999999994
11.25 11.333259600000002
11.625 9.589681200000001
12.0 7.846102800000001
12.375 4.3589459999999995
12.75 0.8717891999999999
13.125 0.0
13.5 0.0
13.875 0.0
14.25 0.0
14.625 0.0
