0.3333333333333333 309.9568948800169
0.6666666666666666 322.72566503998917
1.0 363.01409256003234
1.3333333333333333 391.69970112007786
1.6666666666666665 447.16207428010404
2.0 496.6230078001272
2.333333333333333 541.0847918401139
2.6666666666666665 624.4166077200972
3.0 715.602014160082
3.333333333333333 824.4323270402733
3.6666666666666665 929.4139312803131
4.0 1028.9150300404372
4.333333333333333 1129.2611760005457
4.666666666666666 1229.7180338405942
5.0 1322.259259680639
5.333333333333333 1378.7993354406663
5.666666666666666 1445.0505010806983
6.0 1488.6447746407193
6.333333333333333 1495.2687680407216
6.666666666666666 1440.383487240697
7.0 1354.8251324385465
7.333333333333333 1284.7348852772147
7.666666666666666 1144.7143081176018
8.0 978.5972828380854
8.333333333333332 871.1789475582609
8.666666666666666 700.927074238698
9.0 596.6669691589686
9.333333333333332 473.1793660793246
9.666666666666666 359.1739413595333
10.0 268.06929575973845
10.333333333333332 182.94630071990287
10.666666666666666 138.87120599994887
11.0 107.24023356001271
11.333333333333332 81.12453120002283
11.666666666666666 59.031895320027616
12.0 46.20482760002233
12.333333333333332 34.95874692001598
12.666666666666666 23.71266624001146
13.0 15.256311000008282
13.333333333333332 6.97431360000337
13.666666666666666 3.923051400000986
14.0 2.4410097600011795
14.333333333333332 1.5692205600007583
14.666666666666666 0.3487156800001685
15.0 0.0
15.333333333333332 0.0
15.666666666666666 0.0
16.0 0.0
16.333333333333332 0.0
16.666666666666664 0.0
17.0 0.0
17.333333333333332 0.0
17.666666666666664 0.0
18.0 0.0
18.333333333333332 0.0
18.666666666666664 0.0
19.0 0.0
19.333333333333332 0.0
19.666666666666664 0.0
