0.0 519.6681203427328
0.375 523.6627741925956
0.75 523.9111548419705
1.125 520.4079289193716
1.5 513.2281639184488
1.875 502.52465366204467
2.25 488.5225119048899
2.625 471.511301250918
3.0 451.83508171403037
3.375 429.8808563368673
3.75 406.06595500631585
4.125 380.8249288731981
4.5 354.59652587233177
4.875 327.81128435806954
5.25 300.8802205368492
5.625 274.1850016257564
6.0 248.0698971330331
6.375 222.83569260741805
6.75 198.73564093825277
7.125 175.97342259388824
7.5 154.70299387239487
7.875 135.03012579743628
8.25 117.015378692655
8.625 100.67822009654357
9.0 86.00197641354477
9.375 72.93931008912593
9.75 61.417931644825714
10.125 51.34628637546571
10.5 42.61899525497062
10.875 35.12187489810662
11.25 28.7364087600347
11.625 23.343588021792705
12.0 18.82708328093186
12.375 15.07574537575274
12.75 11.98546423122143
13.125 9.46043797942571
13.5 7.413920794991598
13.875 5.768527368876398
14.25 4.456175528122413
14.625 3.4177472101260022
