0.0 0.8834687773586507
0.625 2.818156536877798
1.25 8.191372825752712
1.875 21.695314333115416
2.5 52.35918452196984
3.125 115.14298245719952
3.75 230.72770611420435
4.375 421.2885886541999
5.0 700.9343060815503
5.625 1062.6557839822476
6.25 1467.9983852308462
6.875 1847.8904402078501
7.5 2119.5542311093564
8.125 2215.2896608090914
8.75 2109.7654773499576
9.375 1830.8615999017738
10.0 1447.7531673983692
10.625 1043.1606707646804
11.25 684.897466141285
11.875 409.74870289471903
12.5 223.3712573126244
13.125 110.9569891440521
13.75 50.222660067803474
14.375 20.713926605623236
15.0 7.784716979004499
15.625 2.6658818400851003
16.25 0.8318722515207041
16.875 0.2365320811434684
17.5 0.061283158628979977
18.125 0.01446804674424064
18.75 0.0031124066778543407
19.375 0.0006100991881015042
20.0 0.00010897383354663967
20.625 1.773624520942393e-05
21.25 2.630381934775203e-06
21.875 3.5546235621767927e-07
22.5 4.377096191980022e-08
23.125 4.9112974732768606e-09
23.75 5.021391257387816e-10
24.375 4.678100610409034e-11
