0.00014421763538447616 8429787.94
0.06974483560849014 14287182.318999998
0.1393454535815958 14678499.937600043
0.20894607155470146 14219703.808000062
0.27854668952780715 10311105.043000067
0.34814730750091283 6907702.370199874
0.41774792547401846 3735922.413999861
0.48734854344712414 842173.431999887
0.5569491614202299 180133.80019991376
0.6265497793933356 107533.03999994599
0.6961503973664412 44424.027999978076
0.7657510153395469 10672.239999995541
0.8353516333126525 1949.9760000000124
0.9049522512857582 1956.9840000000122
0.9745528692588639 1831.9280000000135
1.0441534872319695 1934.7160000000122
1.1137541052050752 1924.5960000000155
1.183354723178181 1984.1240000000148
1.2529553411512866 2196.564000000016
1.3225559591243923 2360.620000000015
1.392156577097498 2159.7920000000167
1.4617571950706036 2002.0360000000169
1.5313578130437093 2120.068000000016
1.600958431016815 1989.280000000017
1.6705590489899205 2045.8159999998625
1.7401596669630262 1925.3439999998664
1.8097602849361318 1960.3439999998664
1.8793609029092375 1850.5799999998635
1.9489615208823432 1675.1879999998855
2.018562138855449 1534.635999999875
2.0881627568285546 1576.7239999998928
2.1577633748016605 1368.6919999998863
2.227363992774766 1273.219999999892
2.2969646107478714 1157.2759999999034
2.3665652287209773 982.3559999999197
2.4361658466940828 973.0639999999112
2.5057664646671887 724.4039999999295
2.575367082640294 749.1679999999324
2.6449677006134 559.6399999999267
2.7145683185865055 413.2639999999519
2.7841689365596114 314.52399999995396
2.853769554532717 209.79999999995925
2.9233701725058228 176.0599999999613
2.9929707904789282 153.38399999997637
3.062571408452034 70.15599999998085
3.1321720264251396 22.439999999987776
3.2017726443982455 29.17199999998411
3.271373262371351 13.463999999992666
3.3409738803444564 2.99199999999837
3.4105744983175623 5.235999999997148
