0.7488 1.58143e-09
1.246 7.86074e-09
1.744 2.1638e-08
2.241 4.49375e-08
2.739 7.90879e-08
3.236 1.4132e-07
3.734 2.28117e-07
4.231 3.37275e-07
4.729 4.84087e-07
5.226 6.58899e-07
5.724 8.69268e-07
6.221 1.1175e-06
6.719 1.40558e-06
7.216 1.74122e-06
7.714 2.13242e-06
8.211 2.58065e-06
8.709 3.08209e-06
9.206 3.62982e-06
9.704 4.21412e-06
10.2 4.82166e-06
10.7 5.44008e-06
11.2 6.06384e-06
11.69 6.68302e-06
12.19 7.28151e-06
12.69 7.82351e-06
13.19 8.25919e-06
13.68 8.54005e-06
14.18 8.62117e-06
14.68 8.46594e-06
15.18 8.05239e-06
15.67 7.37512e-06
16.17 6.4464e-06
16.67 5.30356e-06
17.17 4.01181e-06
17.66 2.66588e-06
18.16 1.39023e-06
18.66 3.25716e-07
19.16 0
19.65 0
20.15 0
20.65 0
21.15 0
21.64 0
22.14 0
22.64 0
23.14 0
23.63 0
24.13 0
24.63 0
25.13 0
25.62 0
26.12 0
26.62 0
27.12 0
27.61 0
28.11 0
28.61 0
29.11 0
29.6 0
30.1 0
30.6 0
31.1 0
31.59 0
32.09 0
32.59 0
33.09 0
33.58 0
34.08 0
34.58 0
35.08 0
35.57 0
36.07 0
36.57 0
37.07 0
37.56 0
38.06 0
38.56 0
39.06 0
39.55 0
40.05 0
40.55 0
41.05 0
41.54 0
42.04 0
42.54 0
43.04 0
43.53 0
44.03 0
44.53 0
45.03 0
45.52 0
46.02 0
46.52 0
47.02 0
47.51 0
48.01 0
48.51 0
49.01 0
49.5 0
50 0
50.5 0
51 0
51.49 0
51.99 0
52.49 0
52.99 0
53.48 0
53.98 0
54.48 0
54.98 0
55.47 0
55.97 0
56.47 0
56.97 0
57.46 0
57.96 0
58.46 0
58.96 0
59.45 0
59.95 0
60.45 0
60.95 0
61.44 0
61.94 0
62.44 0
62.94 0
63.43 0
63.93 0
64.43 0
64.93 0
65.42 0
65.92 0
66.42 0
66.92 0
67.41 0
67.91 0
68.41 0
68.91 0
69.4 0
69.9 0
70.4 0
70.9 0
71.39 0
71.89 0
72.39 0
72.89 0
73.38 0
73.88 0
74.38 0
74.88 0
75.37 0
75.87 0
76.37 0
76.87 0
77.36 0
77.86 0
78.36 0
78.86 0
79.35 0
79.85 0
80.35 0
80.85 0
81.34 0
81.84 0
82.34 0
82.84 0
83.33 0
83.83 0
84.33 0
84.83 0
85.32 0
85.82 0
86.32 0
86.82 0
87.31 0
87.81 0
88.31 0
88.81 0
89.3 0
89.8 0
90.3 0
90.8 0
91.29 0
91.79 0
92.29 0
92.79 0
93.28 0
93.78 0
94.28 0
94.78 0
95.27 0
95.77 0
96.27 0
96.77 0
97.26 0
97.76 0
98.26 0
98.76 0
99.25 0
99.75 0