0.3333333333333333 1.425
1.0 2.7636363636363637
1.6666666666666665 5.166666666666667
2.333333333333333 8.954545454545455
3.0 13.417910447761194
3.6666666666666665 19.776119402985074
4.333333333333333 31.393939393939394
5.0 41.865671641791046
5.666666666666666 55.07462686567164
6.333333333333333 76.5
7.0 95.3731343283582
7.666666666666666 116.56716417910448
8.333333333333332 136.1818181818182
9.0 150.97014925373134
9.666666666666666 155.08955223880596
10.333333333333332 153.9848484848485
11.0 141.32835820895522
11.666666666666666 116.67164179104478
12.333333333333332 83.9090909090909
13.0 49.52238805970149
13.666666666666666 31.26865671641791
14.333333333333332 12.924242424242424
15.0 3.789473684210526
15.666666666666666 0.0
16.333333333333332 0.0
17.0 0.0
17.666666666666664 0.0
18.333333333333332 0.0
19.0 0.0
19.666666666666664 0.0
