0.7488 0
1.246 0
1.744 0
2.241 0
2.739 0
3.236 0
3.734 0
4.231 0
4.729 0
5.226 2.54343e-06
5.724 2.84727e-06
6.221 3.19336e-06
6.719 3.57176e-06
7.216 3.96937e-06
7.714 4.37079e-06
8.211 4.75924e-06
8.709 5.11749e-06
9.206 5.4289e-06
9.704 5.67836e-06
10.2 5.85335e-06
10.7 5.94473e-06
11.2 5.94736e-06
11.69 5.8605e-06
12.19 5.68771e-06
12.69 5.43655e-06
13.19 5.11788e-06
13.68 4.74501e-06
14.18 4.33275e-06
14.68 3.89634e-06
15.18 3.45063e-06
15.67 3.00923e-06
16.17 2.58398e-06
16.67 2.18449e-06
17.17 1.81798e-06
17.66 1.48918e-06
18.16 1.20051e-06
18.66 9.52354e-07
19.16 7.43341e-07
19.65 5.70806e-07
20.15 4.31176e-07
20.65 3.20365e-07
21.15 2.34109e-07
21.64 1.68244e-07
22.14 1.18895e-07
22.64 8.2615e-08
23.14 5.64387e-08
23.63 3.79053e-08
24.13 2.50238e-08
24.63 1.62385e-08
25.13 1.03553e-08
25.62 6.49057e-09
26.12 3.99663e-09
26.62 2.41849e-09
27.12 1.43719e-09
27.61 8.39369e-10
28.11 4.80945e-10
28.61 2.70947e-10
29.11 1.49401e-10
29.6 8.10943e-11
30.1 4.28121e-11
30.6 2.2314e-11
31.1 1.11176e-11
31.59 5.50197e-12
32.09 2.48275e-12
32.59 1.12038e-12
33.09 4.05913e-13
33.58 1.38721e-13
34.08 3.39403e-14
34.58 2.22098e-15
35.08 8.48443e-16
35.57 2.33789e-16
36.07 6.63676e-17
36.57 2.10964e-18
37.07 0
37.56 0
38.06 0
38.56 0
39.06 0
39.55 0
40.05 0
40.55 0
41.05 0
41.54 0
42.04 0
42.54 0
43.04 0
43.53 0
44.03 0
44.53 0
45.03 0
45.52 0
46.02 0
46.52 0
47.02 0
47.51 0
48.01 0
48.51 0
49.01 0
49.5 0
50 0
50.5 0
51 0
51.49 0
51.99 0
52.49 0
52.99 0
53.48 0
53.98 0
54.48 0
54.98 0
55.47 0
55.97 0
56.47 0
56.97 0
57.46 0
57.96 0
58.46 0
58.96 0
59.45 0
59.95 0
60.45 0
60.95 0
61.44 0
61.94 0
62.44 0
62.94 0
63.43 0
63.93 0
64.43 0
64.93 0
65.42 0
65.92 0
66.42 0
66.92 0
67.41 0
67.91 0
68.41 0
68.91 0
69.4 0
69.9 0
70.4 0
70.9 0
71.39 0
71.89 0
72.39 0
72.89 0
73.38 0
73.88 0
74.38 0
74.88 0
75.37 0
75.87 0
76.37 0
76.87 0
77.36 0
77.86 0
78.36 0
78.86 0
79.35 0
79.85 0
80.35 0
80.85 0
81.34 0
81.84 0
82.34 0
82.84 0
83.33 0
83.83 0
84.33 0
84.83 0
85.32 0
85.82 0
86.32 0
86.82 0
87.31 0
87.81 0
88.31 0
88.81 0
89.3 0
89.8 0
90.3 0
90.8 0
91.29 0
91.79 0
92.29 0
92.79 0
93.28 0
93.78 0
94.28 0
94.78 0
95.27 0
95.77 0
96.27 0
96.77 0
97.26 0
97.76 0
98.26 0
98.76 0
99.25 0
99.75 0