0.3333333333333333 77.38095238095238
1.0 77.25373134328358
1.6666666666666665 78.61194029850746
2.333333333333333 77.15151515151516
3.0 77.16417910447761
3.6666666666666665 77.70149253731343
4.333333333333333 76.18181818181819
5.0 77.73134328358209
5.666666666666666 76.76119402985074
6.333333333333333 74.89393939393939
7.0 75.74626865671642
7.666666666666666 73.38805970149254
8.333333333333332 73.42424242424242
9.0 71.11940298507463
9.666666666666666 69.16417910447761
10.333333333333332 64.18181818181819
11.0 61.44776119402985
11.666666666666666 54.850746268656714
12.333333333333332 51.03030303030303
13.0 43.71641791044776
13.666666666666666 35.47761194029851
14.333333333333332 28.939393939393938
15.0 22.402985074626866
15.666666666666666 15.761194029850746
16.333333333333332 9.43939393939394
17.0 5.3076923076923075
17.666666666666664 2.086206896551724
18.333333333333332 1.2941176470588236
19.0 0.0
19.666666666666664 0.0
