2.8878150475125546 8.136166889055228e-05
3.2404265175855156 0.00016272333778110458
3.593037987658476 0.0001952680053373255
3.945649457731437 0.0002440850066716569
4.298260927804398 0.0006671656849025284
4.650872397877359 0.0010251570280209578
5.00348386795032 0.0015458717089204945
5.35609533802328 0.002099131057376252
5.708706808096242 0.0031568327529534358
6.061318278169202 0.004653887460539604
6.413929748242163 0.005646499821004345
6.766541218315124 0.007615452208155718
7.119152688388085 0.00955185992775087
7.4717641584610455 0.012074071663358001
7.824375628534006 0.014986819409639784
8.176987098606968 0.017655482149249908
8.529598568679928 0.021251667914212333
8.882210038752888 0.024392228333387663
9.23482150882585 0.02803723109968442
9.58743297889881 0.03156832752953433
9.940044448971772 0.03723109968431559
10.292655919044734 0.039004784066129256
10.645267389117693 0.04247079116086606
10.997878859190653 0.04720604029029521
11.350490329263614 0.04901226933966509
11.703101799336576 0.05023269437302312
12.055713269409537 0.05404042047710017
12.408324739482499 0.054121782145990706
12.760936209555457 0.055016760503786594
13.113547679628418 0.05498421583623038
13.46615914970138 0.054463501155330954
13.818770619774341 0.04946789468545209
14.171382089847302 0.047010772284957925
14.523993559920264 0.04284505483776252
14.876605029993222 0.03750772935854341
15.229216500066183 0.03199140820776512
15.581827970139145 0.026702899729879357
15.934439440212106 0.019526800533732618
16.287050910285068 0.014075568718065595
16.63966238035803 0.006476388843687982
