0.7488 0
1.246 0
1.744 0
2.241 0
2.739 0
3.236 0
3.734 0
4.231 0
4.729 0
5.226 4.90065e-06
5.724 5.48608e-06
6.221 6.15293e-06
6.719 6.88203e-06
7.216 7.64814e-06
7.714 8.42158e-06
8.211 9.17004e-06
8.709 9.86032e-06
9.206 1.04603e-05
9.704 1.0941e-05
10.2 1.12782e-05
10.7 1.14542e-05
11.2 1.14593e-05
11.69 1.12919e-05
12.19 1.0959e-05
12.69 1.04751e-05
13.19 9.86105e-06
13.68 9.14263e-06
14.18 8.34829e-06
14.68 7.50743e-06
15.18 6.64862e-06
15.67 5.79815e-06
16.17 4.97878e-06
16.67 4.20906e-06
17.17 3.50286e-06
17.66 2.86932e-06
18.16 2.31313e-06
18.66 1.83498e-06
19.16 1.43226e-06
19.65 1.09982e-06
20.15 8.30783e-07
20.65 6.17275e-07
21.15 4.51078e-07
21.64 3.24169e-07
22.14 2.29084e-07
22.64 1.59181e-07
23.14 1.08745e-07
23.63 7.30354e-08
24.13 4.82153e-08
24.63 3.12883e-08
25.13 1.99525e-08
25.62 1.25059e-08
26.12 7.70065e-09
26.62 4.65991e-09
27.12 2.76915e-09
27.61 1.61729e-09
28.11 9.26677e-10
28.61 5.22057e-10
29.11 2.87865e-10
29.6 1.56251e-10
30.1 8.24897e-11
30.6 4.29942e-11
31.1 2.14213e-11
31.59 1.06011e-11
32.09 4.78373e-12
32.59 2.15874e-12
33.09 7.82107e-13
33.58 2.67287e-13
34.08 6.53956e-14
34.58 4.27937e-15
35.08 1.63477e-15
35.57 4.50461e-16
36.07 1.27876e-16
36.57 4.06481e-18
37.07 0
37.56 0
38.06 0
38.56 0
39.06 0
39.55 0
40.05 0
40.55 0
41.05 0
41.54 0
42.04 0
42.54 0
43.04 0
43.53 0
44.03 0
44.53 0
45.03 0
45.52 0
46.02 0
46.52 0
47.02 0
47.51 0
48.01 0
48.51 0
49.01 0
49.5 0
50 0
50.5 0
51 0
51.49 0
51.99 0
52.49 0
52.99 0
53.48 0
53.98 0
54.48 0
54.98 0
55.47 0
55.97 0
56.47 0
56.97 0
57.46 0
57.96 0
58.46 0
58.96 0
59.45 0
59.95 0
60.45 0
60.95 0
61.44 0
61.94 0
62.44 0
62.94 0
63.43 0
63.93 0
64.43 0
64.93 0
65.42 0
65.92 0
66.42 0
66.92 0
67.41 0
67.91 0
68.41 0
68.91 0
69.4 0
69.9 0
70.4 0
70.9 0
71.39 0
71.89 0
72.39 0
72.89 0
73.38 0
73.88 0
74.38 0
74.88 0
75.37 0
75.87 0
76.37 0
76.87 0
77.36 0
77.86 0
78.36 0
78.86 0
79.35 0
79.85 0
80.35 0
80.85 0
81.34 0
81.84 0
82.34 0
82.84 0
83.33 0
83.83 0
84.33 0
84.83 0
85.32 0
85.82 0
86.32 0
86.82 0
87.31 0
87.81 0
88.31 0
88.81 0
89.3 0
89.8 0
90.3 0
90.8 0
91.29 0
91.79 0
92.29 0
92.79 0
93.28 0
93.78 0
94.28 0
94.78 0
95.27 0
95.77 0
96.27 0
96.77 0
97.26 0
97.76 0
98.26 0
98.76 0
99.25 0
99.75 0