0.3333333333333333 871.2560000000148
0.6666666666666666 879.7620000000139
1.0 900.2820000000147
1.3333333333333333 954.1140000000149
1.6666666666666665 982.8720000000161
2.0 1024.3380000000157
2.333333333333333 1052.0280000000141
2.6666666666666665 1083.1860000000142
3.0 1201.618000000018
3.333333333333333 1231.5200000000173
3.6666666666666665 1340.8400000000152
4.0 1453.7140000000104
4.333333333333333 1613.04800000001
4.666666666666666 1707.2100000000075
5.0 1860.2340000000015
5.333333333333333 1941.5359999999966
5.666666666666666 2199.4899999999916
6.0 2446.141999999981
6.333333333333333 2614.887999999974
6.666666666666666 2872.519999999968
7.0 3061.4419999999604
7.333333333333333 3234.0779999999536
7.666666666666666 3605.5619999999412
8.0 3824.5719999999333
8.333333333333332 3883.923999999932
8.666666666666666 4052.0039999999235
9.0 4275.6979999999185
9.333333333333332 4252.873999999918
9.666666666666666 4216.013999999916
10.0 4190.189999999917
10.333333333333332 4123.395999999915
10.666666666666666 3996.7099999999173
11.0 3689.7099999999273
11.333333333333332 3465.6799999999316
11.666666666666666 2979.2659999999446
12.0 2587.3719999999553
12.333333333333332 2288.7099999999646
12.666666666666666 1712.2039999999788
13.0 1463.6119999999855
13.333333333333332 1224.9339999999893
13.666666666666666 953.3239999999937
14.0 745.9159999999978
14.333333333333332 468.9699999999975
14.666666666666666 307.6979999999975
15.0 227.87399999999815
15.333333333333332 191.3619999999989
15.666666666666666 152.24199999999942
16.0 116.70799999999996
16.333333333333332 87.6940000000001
16.666666666666664 65.52600000000007
17.0 46.61800000000004
17.333333333333332 25.754000000000005
17.666666666666664 14.017999999999994
18.0 6.194000000000001
18.333333333333332 0.978
18.666666666666664 0.0
19.0 0.0
19.333333333333332 0.0
19.666666666666664 0.0
