2.8878150475125546 8.133255254082894e-05
3.2404265175855156 0.0001789316155898237
3.593037987658476 0.0001789316155898237
3.945649457731437 0.0002927971891469842
4.298260927804398 0.0007319929728674606
4.650872397877359 0.0010573231830307765
5.00348386795032 0.0015127854772594164
5.35609533802328 0.0022447784501268735
5.708706808096242 0.003448500227731136
6.061318278169202 0.004928752683974243
6.413929748242163 0.0057258116988743845
6.766541218315124 0.007921790617476814
7.119152688388085 0.009808705836424087
7.4717641584610455 0.012443880538747003
7.824375628534006 0.015469451493265906
8.176987098606968 0.01829982432168653
8.529598568679928 0.0218784566334827
8.882210038752888 0.024692562951395144
9.23482150882585 0.02854772594183011
9.58743297889881 0.032516754505822226
9.940044448971772 0.03759190578436952
10.292655919044734 0.03936495542975944
10.645267389117693 0.043171318888669916
10.997878859190653 0.0473843451102845
11.350490329263614 0.0487995315244948
11.703101799336576 0.050474982106835736
12.055713269409537 0.05403734790812374
12.408324739482499 0.053712017697960454
12.760936209555457 0.05509467109115443
13.113547679628418 0.05450907671286051
13.46615914970138 0.053646951655927796
13.818770619774341 0.04905979569262543
14.171382089847302 0.04631075541674565
14.523993559920264 0.04204892966360657
14.876605029993222 0.03687617932201029
15.229216500066183 0.03061357277636699
15.581827970139145 0.025977617281540133
15.934439440212106 0.019422213546749875
16.287050910285068 0.013663868826859464
16.63966238035803 0.0062788730561520335
