0.3333333333333333 311.0024020800169
0.6666666666666666 323.7813794399891
1.0 364.0944309600323
1.3333333333333333 392.84463792007807
1.6666666666666665 448.3415206801042
2.0 497.8522134001275
2.333333333333333 542.3472254401142
2.6666666666666665 625.7164309200975
3.0 717.0439557600824
3.333333333333333 825.9101510402736
3.6666666666666665 931.0229392803135
4.0 1030.6594868404372
4.333333333333333 1131.1968336005448
4.666666666666666 1231.7666858405933
5.0 1324.491540480638
5.333333333333333 1381.129178640665
5.666666666666666 1447.689889080697
6.0 1491.580145040718
6.333333333333333 1498.4066336407197
6.666666666666666 1443.830511240695
7.0 1358.4988628385445
7.333333333333333 1288.6157788772127
7.666666666666666 1149.0409825176007
8.0 983.1867692380877
8.333333333333332 875.8396563582631
8.666666666666666 705.7894790387006
9.0 601.7978067589714
9.333333333333332 478.2828148793275
9.666666666666666 364.2331581595381
10.0 273.0975237597445
10.333333333333332 187.894375919909
10.666666666666666 143.66725799995476
11.0 111.6678855600179
11.333333333333332 85.28334720002775
11.666666666666666 62.607014520031655
12.0 49.309674000025545
12.333333333333332 37.70519892001862
12.666666666666666 25.767311040013098
13.0 17.012645400009426
13.333333333333332 8.444234400004284
13.666666666666666 5.067040200001436
14.0 3.336108960001283
14.333333333333332 2.131984560000525
14.666666666666666 0.7179532799996906
15.0 0.27344879999947835
15.333333333333332 0.22963439999956847
15.666666666666666 0.1826903999996503
16.0 0.14004959999973465
16.333333333333332 0.10523279999980417
16.666666666666664 0.07863119999984747
17.0 0.05594159999989756
17.333333333333332 0.030904799999937893
17.666666666666664 0.01682159999997168
18.0 0.007432799999982365
18.333333333333332 0.0011736000000013291
18.666666666666664 0.0
19.0 0.0
19.333333333333332 0.0
19.666666666666664 0.0
