1.1461173102315856 8.465966813410092e-05
1.3645678372135113 2.8219889378033637e-05
1.583018364195437 5.6439778756067275e-05
1.8014688911773624 0.00014109944689016818
2.0199194181592883 0.00019753922564623544
2.238369945141214 0.00022575911502426907
2.4568204721231393 0.0004797381194265718
2.6752709991050647 0.0008465966813410097
2.8937215260869906 0.000818376791962976
3.1121720530689165 0.0012416751326334802
3.330622580050842 0.0014674342476577488
3.5490731070327675 0.0017778530308161181
3.767523634014693 0.0017496331414380846
3.985974160996619 0.00299130827407157
4.204424687978545 0.002821988937803367
4.42287521496047 0.0037250253979004486
4.641325741942396 0.004740941415509652
4.859776268924321 0.004599841968619485
5.078226795906247 0.005531098318094586
5.296677322888173 0.0069703126763742875
5.515127849870098 0.006942092786996254
5.733578376852024 0.008465966813410076
5.952028903833949 0.009086804379726829
6.170479430815875 0.010554238627384608
6.3889299577978 0.011908793317530251
6.607380484779727 0.01142905519810367
6.825831011761652 0.01416638446777299
7.0442815387435775 0.014956541370357948
7.262732065725503 0.016536855175527807
7.4811825927074285 0.017891409865673367
7.699633119689355 0.017891409865673367
7.91808364667128 0.01972570267524548
8.136534173653207 0.021757534710463818
8.354984700635132 0.024297324754486743
8.573435227617058 0.024325544643864775
8.791885754598983 0.02449486398013297
9.010336281580908 0.026272717010949017
9.228786808562834 0.0268653346878877
9.44723733554476 0.027627271701094577
9.665687862526685 0.0301670617451175
9.88413838950861 0.031239417541482736
10.102588916490536 0.031239417541482736
10.321039443472461 0.033101930240432884
10.539489970454387 0.034033186589907956
10.757940497436312 0.03397674681115189
10.976391024418238 0.032650412010384364
11.194841551400163 0.03273507167851846
11.413292078382089 0.03394852692177386
11.631742605364014 0.03318658990856698
11.850193132345943 0.030703239643300118
12.068643659327869 0.030928998758324378
12.287094186309794 0.028614967829325714
12.50554471329172 0.02641381645783918
12.723995240273645 0.025905858449034595
12.94244576725557 0.02291455017496315
13.160896294237496 0.021644655152951688
13.379346821219421 0.021136697144147103
13.597797348201347 0.018117168980697627
13.816247875183272 0.017185912631222554
14.034698402165198 0.014759002144711708
14.253148929147123 0.012727170109493244
14.471599456129049 0.010384919291116403
14.690049983110974 0.007337171238288721
14.9085005100929 0.00589795688000902
15.126951037074825 0.0033581668359860093
