0.25714146816593186 2
0.4410935518090474 2
0.625045635452163 2
0.8089977190952784 4
0.992949802738394 6
1.1769018863815095 3
1.360853970024625 11
1.5448060536677406 13
1.728758137310856 13
1.9127102209539715 23
2.0966623045970874 21
2.2806143882402026 31
2.464566471883318 53
2.648518555526434 40
2.832470639169549 45
3.0164227228126643 72
3.2003748064557804 83
3.3843268900988956 75
3.568278973742011 113
3.752231057385127 126
3.936183141028242 134
4.120135224671357 150
4.3040873083144735 172
4.488039391957589 201
4.671991475600704 204
4.85594355924382 244
5.039895642886935 251
5.2238477265300505 270
5.407799810173167 335
5.591751893816282 349
5.775703977459397 370
5.959656061102513 455
6.143608144745628 464
6.3275602283887435 532
6.51151231203186 570
6.695464395674975 564
6.87941647931809 624
7.063368562961206 636
7.247320646604321 685
7.431272730247437 697
7.615224813890553 777
7.799176897533668 876
7.983128981176783 870
8.1670810648199 975
8.351033148463015 878
8.53498523210613 1032
8.718937315749246 963
8.902889399392361 1038
9.086841483035476 1123
9.270793566678591 1152
9.454745650321708 1087
9.638697733964824 1058
9.822649817607939 1068
10.006601901251054 1041
10.19055398489417 1054
10.374506068537285 997
10.558458152180402 981
10.742410235823517 910
10.926362319466632 849
11.110314403109747 802
11.294266486752862 766
11.478218570395978 623
11.662170654039095 541
11.84612273768221 462
12.030074821325325 366
12.21402690496844 288
12.397978988611555 219
12.581931072254672 142
