1.207512563408175 5.642544787699252e-05
1.4284170790433088 2.821272393849626e-05
1.649321594678443 5.642544787699252e-05
1.870226110313577 0.0002257017915079701
2.0911306259487112 0.0002257017915079701
2.312035141583845 0.00031033996332345895
2.532939657218979 0.000705318098462407
2.753844172854113 0.0006206799266469181
2.974748688489247 0.0009874453378473699
3.1956532041243815 0.0018620397799407548
3.416557719759515 0.0016081252644942882
3.637462235394649 0.002003103399633236
3.8583667510297834 0.0022570179150797004
4.079271266664917 0.0029905487374805983
4.300175782300051 0.0031598250811115747
4.521080297935185 0.004824375793482857
4.741984813570319 0.004909013965298347
4.962889329205454 0.004993652137113836
5.183793844840587 0.006206799266469186
5.404698360475721 0.00798420087459446
5.625602876110856 0.00722245732825506
5.846507391745989 0.00953590069121172
6.067411907381123 0.010043729722104641
6.288316423016258 0.011256876851459954
6.509220938651391 0.01179291860629137
6.730125454286525 0.013880660177740048
6.95102996992166 0.014614191000140934
7.171934485556793 0.01709691070672855
7.392839001191927 0.01794329242488342
7.6137435168270615 0.018366483283960854
7.834648032462195 0.020031033996332097
8.05555254809733 0.021977711948088296
8.276457063732463 0.02310622090562812
8.497361579367597 0.024460431654675912
8.718266095002733 0.02550430244040025
8.939170610637866 0.026040344195231668
9.160075126273 0.026971364085202024
9.380979641908134 0.029369445619974153
9.601884157543267 0.02920016927634318
9.822788673178401 0.031767527154746344
10.043693188813537 0.03106220905628389
10.26459770444867 0.03286782338834781
10.485502220083804 0.03410918324164177
10.706406735718938 0.034306672309211264
10.927311251354071 0.033319226971363795
11.148215766989205 0.03230356890957783
11.36912028262434 0.03295246156016331
11.590024798259474 0.03388348145013378
11.810929313894608 0.030977570884468404
12.031833829529742 0.030780081816898935
12.252738345164875 0.028382000282126806
12.47364286080001 0.026717449569755563
12.694547376435144 0.02589928057553919
12.915451892070278 0.02409366624347547
13.136356407705412 0.021723797432641835
13.357260923340545 0.02053886302722502
13.57816543897568 0.018507546903653332
13.799069954610815 0.017266187050359524
14.019974470245948 0.014868105515587395
14.240878985881082 0.012582874876569249
14.461783501516216 0.010466920581182076
14.68268801715135 0.007024968260685585
14.903592532786485 0.005783608407391738
15.124497048421619 0.0033855268726195433
