0 0.05 591.569 1357.47 1
1 0.05 560.433 1357.47 1
2 0.05 529.298 1357.47 1
3 0.05 498.163 1357.47 1
4 0.05 467.028 1357.47 1
5 0.05 435.893 1357.47 1
6 0.05 404.758 1357.47 1
7 0.05 373.623 1357.47 1
8 0.05 342.487 1357.47 1
9 0.05 311.352 1357.47 1
10 0.05 280.217 1357.47 1
11 0.05 249.082 1357.47 1
12 0.05 217.946 1357.47 1
13 0.05 186.811 1357.47 1
14 0.05 155.676 1357.47 1
15 0.05 124.541 1357.47 1
16 0.05 93.4056 1357.47 1
17 0.05 62.2704 1357.47 1
18 0.05 31.1352 1357.47 1
19 0.05 0 1357.47 1
20 0.05 591.569 1308.67 1
21 0.05 560.433 1308.67 1
22 0.05 529.298 1308.67 1
23 0.05 498.163 1308.67 1
24 0.05 467.028 1308.67 1
25 0.05 435.893 1308.67 1
26 0.05 404.758 1308.67 1
27 0.05 373.623 1308.67 1
28 0.05 342.487 1308.67 1
29 0.05 311.352 1308.67 1
30 0.05 280.217 1308.67 1
31 0.05 249.082 1308.67 1
32 0.05 217.946 1308.67 1
33 0.05 186.811 1308.67 1
34 0.05 155.676 1308.67 1
35 0.05 124.541 1308.67 1
36 0.05 93.4056 1308.67 1
37 0.05 62.2704 1308.67 1
38 0.05 31.1352 1308.67 1
39 0.05 0 1308.67 1
40 0.05 591.569 1245.87 1
41 0.05 560.433 1245.87 1
42 0.05 529.298 1245.87 1
43 0.05 498.163 1245.87 1
44 0.05 467.028 1245.87 1
45 0.05 435.893 1245.87 1
46 0.05 404.758 1245.87 1
47 0.05 373.623 1245.87 1
48 0.05 342.487 1245.87 1
49 0.05 311.352 1245.87 1
50 0.05 280.217 1245.87 1
51 0.05 249.082 1245.87 1
52 0.05 217.946 1245.87 1
53 0.05 186.811 1245.87 1
54 0.05 155.676 1245.87 1
55 0.05 124.541 1245.87 1
56 0.05 93.4056 1245.87 1
57 0.05 62.2704 1245.87 1
58 0.05 31.1352 1245.87 1
59 0.05 0 1245.87 1
60 0.05 591.569 1197.07 1
61 0.05 560.433 1197.07 1
62 0.05 529.298 1197.07 1
63 0.05 498.163 1197.07 1
64 0.05 467.028 1197.07 1
65 0.05 435.893 1197.07 1
66 0.05 404.758 1197.07 1
67 0.05 373.623 1197.07 1
68 0.05 342.487 1197.07 1
69 0.05 311.352 1197.07 1
70 0.05 280.217 1197.07 1
71 0.05 249.082 1197.07 1
72 0.05 217.946 1197.07 1
73 0.05 186.811 1197.07 1
74 0.05 155.676 1197.07 1
75 0.05 124.541 1197.07 1
76 0.05 93.4056 1197.07 1
77 0.05 62.2704 1197.07 1
78 0.05 31.1352 1197.07 1
79 0.05 0 1197.07 1
80 0.05 591.569 1125.08 1
81 0.05 560.433 1125.08 1
82 0.05 529.298 1125.08 1
83 0.05 498.163 1125.08 1
84 0.05 467.028 1125.08 1
85 0.05 435.893 1125.08 1
86 0.05 404.758 1125.08 1
87 0.05 373.623 1125.08 1
88 0.05 342.487 1125.08 1
89 0.05 311.352 1125.08 1
90 0.05 280.217 1125.08 1
91 0.05 249.082 1125.08 1
92 0.05 217.946 1125.08 1
93 0.05 186.811 1125.08 1
94 0.05 155.676 1125.08 1
95 0.05 124.541 1125.08 1
96 0.05 93.4056 1125.08 1
97 0.05 62.2704 1125.08 1
98 0.05 31.1352 1125.08 1
99 0.05 0 1125.08 1
100 0.05 591.569 1076.28 1
101 0.05 560.433 1076.28 1
102 0.05 529.298 1076.28 1
103 0.05 498.163 1076.28 1
104 0.05 467.028 1076.28 1
105 0.05 435.893 1076.28 1
106 0.05 404.758 1076.28 1
107 0.05 373.623 1076.28 1
108 0.05 342.487 1076.28 1
109 0.05 311.352 1076.28 1
110 0.05 280.217 1076.28 1
111 0.05 249.082 1076.28 1
112 0.05 217.946 1076.28 1
113 0.05 186.811 1076.28 1
114 0.05 155.676 1076.28 1
115 0.05 124.541 1076.28 1
116 0.05 93.4056 1076.28 1
117 0.05 62.2704 1076.28 1
118 0.05 31.1352 1076.28 1
119 0.05 0 1076.28 1
120 0.05 591.569 1013.48 1
121 0.05 560.433 1013.48 1
122 0.05 529.298 1013.48 1
123 0.05 498.163 1013.48 1
124 0.05 467.028 1013.48 1
125 0.05 435.893 1013.48 1
126 0.05 404.758 1013.48 1
127 0.05 373.623 1013.48 1
128 0.05 342.487 1013.48 1
129 0.05 311.352 1013.48 1
130 0.05 280.217 1013.48 1
131 0.05 249.082 1013.48 1
132 0.05 217.946 1013.48 1
133 0.05 186.811 1013.48 1
134 0.05 155.676 1013.48 1
135 0.05 124.541 1013.48 1
136 0.05 93.4056 1013.48 1
137 0.05 62.2704 1013.48 1
138 0.05 31.1352 1013.48 1
139 0.05 0 1013.48 1
140 0.05 591.569 964.679 1
141 0.05 560.433 964.679 1
142 0.05 529.298 964.679 1
143 0.05 498.163 964.679 1
144 0.05 467.028 964.679 1
145 0.05 435.893 964.679 1
146 0.05 404.758 964.679 1
147 0.05 373.623 964.679 1
148 0.05 342.487 964.679 1
149 0.05 311.352 964.679 1
150 0.05 280.217 964.679 1
151 0.05 249.082 964.679 1
152 0.05 217.946 964.679 1
153 0.05 186.811 964.679 1
154 0.05 155.676 964.679 1
155 0.05 124.541 964.679 1
156 0.05 93.4056 964.679 1
157 0.05 62.2704 964.679 1
158 0.05 31.1352 964.679 1
159 0.05 0 964.679 1
160 0.05 591.569 892.689 1
161 0.05 560.433 892.689 1
162 0.05 529.298 892.689 1
163 0.05 498.163 892.689 1
164 0.05 467.028 892.689 1
165 0.05 435.893 892.689 1
166 0.05 404.758 892.689 1
167 0.05 373.623 892.689 1
168 0.05 342.487 892.689 1
169 0.05 311.352 892.689 1
170 0.05 280.217 892.689 1
171 0.05 249.082 892.689 1
172 0.05 217.946 892.689 1
173 0.05 186.811 892.689 1
174 0.05 155.676 892.689 1
175 0.05 124.541 892.689 1
176 0.05 93.4056 892.689 1
177 0.05 62.2704 892.689 1
178 0.05 31.1352 892.689 1
179 0.05 0 892.689 1
180 0.05 591.569 843.889 1
181 0.05 560.433 843.889 1
182 0.05 529.298 843.889 1
183 0.05 498.163 843.889 1
184 0.05 467.028 843.889 1
185 0.05 435.893 843.889 1
186 0.05 404.758 843.889 1
187 0.05 373.623 843.889 1
188 0.05 342.487 843.889 1
189 0.05 311.352 843.889 1
190 0.05 280.217 843.889 1
191 0.05 249.082 843.889 1
192 0.05 217.946 843.889 1
193 0.05 186.811 843.889 1
194 0.05 155.676 843.889 1
195 0.05 124.541 843.889 1
196 0.05 93.4056 843.889 1
197 0.05 62.2704 843.889 1
198 0.05 31.1352 843.889 1
199 0.05 0 843.889 1
200 0.05 591.569 781.089 1
201 0.05 560.433 781.089 1
202 0.05 529.298 781.089 1
203 0.05 498.163 781.089 1
204 0.05 467.028 781.089 1
205 0.05 435.893 781.089 1
206 0.05 404.758 781.089 1
207 0.05 373.623 781.089 1
208 0.05 342.487 781.089 1
209 0.05 311.352 781.089 1
210 0.05 280.217 781.089 1
211 0.05 249.082 781.089 1
212 0.05 217.946 781.089 1
213 0.05 186.811 781.089 1
214 0.05 155.676 781.089 1
215 0.05 124.541 781.089 1
216 0.05 93.4056 781.089 1
217 0.05 62.2704 781.089 1
218 0.05 31.1352 781.089 1
219 0.05 0 781.089 1
220 0.05 591.569 732.289 1
221 0.05 560.433 732.289 1
222 0.05 529.298 732.289 1
223 0.05 498.163 732.289 1
224 0.05 467.028 732.289 1
225 0.05 435.893 732.289 1
226 0.05 404.758 732.289 1
227 0.05 373.623 732.289 1
228 0.05 342.487 732.289 1
229 0.05 311.352 732.289 1
230 0.05 280.217 732.289 1
231 0.05 249.082 732.289 1
232 0.05 217.946 732.289 1
233 0.05 186.811 732.289 1
234 0.05 155.676 732.289 1
235 0.05 124.541 732.289 1
236 0.05 93.4056 732.289 1
237 0.05 62.2704 732.289 1
238 0.05 31.1352 732.289 1
239 0.05 0 732.289 1
240 0.05 591.569 660.299 1
241 0.05 560.433 660.299 1
242 0.05 529.298 660.299 1
243 0.05 498.163 660.299 1
244 0.05 467.028 660.299 1
245 0.05 435.893 660.299 1
246 0.05 404.758 660.299 1
247 0.05 373.623 660.299 1
248 0.05 342.487 660.299 1
249 0.05 311.352 660.299 1
250 0.05 280.217 660.299 1
251 0.05 249.082 660.299 1
252 0.05 217.946 660.299 1
253 0.05 186.811 660.299 1
254 0.05 155.676 660.299 1
255 0.05 124.541 660.299 1
256 0.05 93.4056 660.299 1
257 0.05 62.2704 660.299 1
258 0.05 31.1352 660.299 1
259 0.05 0 660.299 1
260 0.05 591.569 611.499 1
261 0.05 560.433 611.499 1
262 0.05 529.298 611.499 1
263 0.05 498.163 611.499 1
264 0.05 467.028 611.499 1
265 0.05 435.893 611.499 1
266 0.05 404.758 611.499 1
267 0.05 373.623 611.499 1
268 0.05 342.487 611.499 1
269 0.05 311.352 611.499 1
270 0.05 280.217 611.499 1
271 0.05 249.082 611.499 1
272 0.05 217.946 611.499 1
273 0.05 186.811 611.499 1
274 0.05 155.676 611.499 1
275 0.05 124.541 611.499 1
276 0.05 93.4056 611.499 1
277 0.05 62.2704 611.499 1
278 0.05 31.1352 611.499 1
279 0.05 0 611.499 1
280 0.05 591.569 548.699 1
281 0.05 560.433 548.699 1
282 0.05 529.298 548.699 1
283 0.05 498.163 548.699 1
284 0.05 467.028 548.699 1
285 0.05 435.893 548.699 1
286 0.05 404.758 548.699 1
287 0.05 373.623 548.699 1
288 0.05 342.487 548.699 1
289 0.05 311.352 548.699 1
290 0.05 280.217 548.699 1
291 0.05 249.082 548.699 1
292 0.05 217.946 548.699 1
293 0.05 186.811 548.699 1
294 0.05 155.676 548.699 1
295 0.05 124.541 548.699 1
296 0.05 93.4056 548.699 1
297 0.05 62.2704 548.699 1
298 0.05 31.1352 548.699 1
299 0.05 0 548.699 1
300 0.05 591.569 499.899 1
301 0.05 560.433 499.899 1
302 0.05 529.298 499.899 1
303 0.05 498.163 499.899 1
304 0.05 467.028 499.899 1
305 0.05 435.893 499.899 1
306 0.05 404.758 499.899 1
307 0.05 373.623 499.899 1
308 0.05 342.487 499.899 1
309 0.05 311.352 499.899 1
310 0.05 280.217 499.899 1
311 0.05 249.082 499.899 1
312 0.05 217.946 499.899 1
313 0.05 186.811 499.899 1
314 0.05 155.676 499.899 1
315 0.05 124.541 499.899 1
316 0.05 93.4056 499.899 1
317 0.05 62.2704 499.899 1
318 0.05 31.1352 499.899 1
319 0.05 0 499.899 1
320 0.05 591.569 427.909 1
321 0.05 560.433 427.909 1
322 0.05 529.298 427.909 1
323 0.05 498.163 427.909 1
324 0.05 467.028 427.909 1
325 0.05 435.893 427.909 1
326 0.05 404.758 427.909 1
327 0.05 373.623 427.909 1
328 0.05 342.487 427.909 1
329 0.05 311.352 427.909 1
330 0.05 280.217 427.909 1
331 0.05 249.082 427.909 1
332 0.05 217.946 427.909 1
333 0.05 186.811 427.909 1
334 0.05 155.676 427.909 1
335 0.05 124.541 427.909 1
336 0.05 93.4056 427.909 1
337 0.05 62.2704 427.909 1
338 0.05 31.1352 427.909 1
339 0.05 0 427.909 1
340 0.05 591.569 379.109 1
341 0.05 560.433 379.109 1
342 0.05 529.298 379.109 1
343 0.05 498.163 379.109 1
344 0.05 467.028 379.109 1
345 0.05 435.893 379.109 1
346 0.05 404.758 379.109 1
347 0.05 373.623 379.109 1
348 0.05 342.487 379.109 1
349 0.05 311.352 379.109 1
350 0.05 280.217 379.109 1
351 0.05 249.082 379.109 1
352 0.05 217.946 379.109 1
353 0.05 186.811 379.109 1
354 0.05 155.676 379.109 1
355 0.05 124.541 379.109 1
356 0.05 93.4056 379.109 1
357 0.05 62.2704 379.109 1
358 0.05 31.1352 379.109 1
359 0.05 0 379.109 1
360 0.05 591.569 316.309 1
361 0.05 560.433 316.309 1
362 0.05 529.298 316.309 1
363 0.05 498.163 316.309 1
364 0.05 467.028 316.309 1
365 0.05 435.893 316.309 1
366 0.05 404.758 316.309 1
367 0.05 373.623 316.309 1
368 0.05 342.487 316.309 1
369 0.05 311.352 316.309 1
370 0.05 280.217 316.309 1
371 0.05 249.082 316.309 1
372 0.05 217.946 316.309 1
373 0.05 186.811 316.309 1
374 0.05 155.676 316.309 1
375 0.05 124.541 316.309 1
376 0.05 93.4056 316.309 1
377 0.05 62.2704 316.309 1
378 0.05 31.1352 316.309 1
379 0.05 0 316.309 1
380 0.05 591.569 267.509 1
381 0.05 560.433 267.509 1
382 0.05 529.298 267.509 1
383 0.05 498.163 267.509 1
384 0.05 467.028 267.509 1
385 0.05 435.893 267.509 1
386 0.05 404.758 267.509 1
387 0.05 373.623 267.509 1
388 0.05 342.487 267.509 1
389 0.05 311.352 267.509 1
390 0.05 280.217 267.509 1
391 0.05 249.082 267.509 1
392 0.05 217.946 267.509 1
393 0.05 186.811 267.509 1
394 0.05 155.676 267.509 1
395 0.05 124.541 267.509 1
396 0.05 93.4056 267.509 1
397 0.05 62.2704 267.509 1
398 0.05 31.1352 267.509 1
399 0.05 0 267.509 1
400 0.05 591.569 195.519 1
401 0.05 560.433 195.519 1
402 0.05 529.298 195.519 1
403 0.05 498.163 195.519 1
404 0.05 467.028 195.519 1
405 0.05 435.893 195.519 1
406 0.05 404.758 195.519 1
407 0.05 373.623 195.519 1
408 0.05 342.487 195.519 1
409 0.05 311.352 195.519 1
410 0.05 280.217 195.519 1
411 0.05 249.082 195.519 1
412 0.05 217.946 195.519 1
413 0.05 186.811 195.519 1
414 0.05 155.676 195.519 1
415 0.05 124.541 195.519 1
416 0.05 93.4056 195.519 1
417 0.05 62.2704 195.519 1
418 0.05 31.1352 195.519 1
419 0.05 0 195.519 1
420 0.05 591.569 146.719 1
421 0.05 560.433 146.719 1
422 0.05 529.298 146.719 1
423 0.05 498.163 146.719 1
424 0.05 467.028 146.719 1
425 0.05 435.893 146.719 1
426 0.05 404.758 146.719 1
427 0.05 373.623 146.719 1
428 0.05 342.487 146.719 1
429 0.05 311.352 146.719 1
430 0.05 280.217 146.719 1
431 0.05 249.082 146.719 1
432 0.05 217.946 146.719 1
433 0.05 186.811 146.719 1
434 0.05 155.676 146.719 1
435 0.05 124.541 146.719 1
436 0.05 93.4056 146.719 1
437 0.05 62.2704 146.719 1
438 0.05 31.1352 146.719 1
439 0.05 0 146.719 1
440 0.05 591.569 83.9188 1
441 0.05 560.433 83.9188 1
442 0.05 529.298 83.9188 1
443 0.05 498.163 83.9188 1
444 0.05 467.028 83.9188 1
445 0.05 435.893 83.9188 1
446 0.05 404.758 83.9188 1
447 0.05 373.623 83.9188 1
448 0.05 342.487 83.9188 1
449 0.05 311.352 83.9188 1
450 0.05 280.217 83.9188 1
451 0.05 249.082 83.9188 1
452 0.05 217.946 83.9188 1
453 0.05 186.811 83.9188 1
454 0.05 155.676 83.9188 1
455 0.05 124.541 83.9188 1
456 0.05 93.4056 83.9188 1
457 0.05 62.2704 83.9188 1
458 0.05 31.1352 83.9188 1
459 0.05 0 83.9188 1
460 0.05 591.569 35.1188 1
461 0.05 560.433 35.1188 1
462 0.05 529.298 35.1188 1
463 0.05 498.163 35.1188 1
464 0.05 467.028 35.1188 1
465 0.05 435.893 35.1188 1
466 0.05 404.758 35.1188 1
467 0.05 373.623 35.1188 1
468 0.05 342.487 35.1188 1
469 0.05 311.352 35.1188 1
470 0.05 280.217 35.1188 1
471 0.05 249.082 35.1188 1
472 0.05 217.946 35.1188 1
473 0.05 186.811 35.1188 1
474 0.05 155.676 35.1188 1
475 0.05 124.541 35.1188 1
476 0.05 93.4056 35.1188 1
477 0.05 62.2704 35.1188 1
478 0.05 31.1352 35.1188 1
479 0.05 0 35.1188 1
480 -0.05 -0 1357.47 1
481 -0.05 -31.1352 1357.47 1
482 -0.05 -62.2704 1357.47 1
483 -0.05 -93.4056 1357.47 1
484 -0.05 -124.541 1357.47 1
485 -0.05 -155.676 1357.47 1
486 -0.05 -186.811 1357.47 1
487 -0.05 -217.946 1357.47 1
488 -0.05 -249.082 1357.47 1
489 -0.05 -280.217 1357.47 1
490 -0.05 -311.352 1357.47 1
491 -0.05 -342.487 1357.47 1
492 -0.05 -373.623 1357.47 1
493 -0.05 -404.758 1357.47 1
494 -0.05 -435.893 1357.47 1
495 -0.05 -467.028 1357.47 1
496 -0.05 -498.163 1357.47 1
497 -0.05 -529.298 1357.47 1
498 -0.05 -560.433 1357.47 1
499 -0.05 -591.569 1357.47 1
500 -0.05 -0 1308.67 1
501 -0.05 -31.1352 1308.67 1
502 -0.05 -62.2704 1308.67 1
503 -0.05 -93.4056 1308.67 1
504 -0.05 -124.541 1308.67 1
505 -0.05 -155.676 1308.67 1
506 -0.05 -186.811 1308.67 1
507 -0.05 -217.946 1308.67 1
508 -0.05 -249.082 1308.67 1
509 -0.05 -280.217 1308.67 1
510 -0.05 -311.352 1308.67 1
511 -0.05 -342.487 1308.67 1
512 -0.05 -373.623 1308.67 1
513 -0.05 -404.758 1308.67 1
514 -0.05 -435.893 1308.67 1
515 -0.05 -467.028 1308.67 1
516 -0.05 -498.163 1308.67 1
517 -0.05 -529.298 1308.67 1
518 -0.05 -560.433 1308.67 1
519 -0.05 -591.569 1308.67 1
520 -0.05 -0 1245.87 1
521 -0.05 -31.1352 1245.87 1
522 -0.05 -62.2704 1245.87 1
523 -0.05 -93.4056 1245.87 1
524 -0.05 -124.541 1245.87 1
525 -0.05 -155.676 1245.87 1
526 -0.05 -186.811 1245.87 1
527 -0.05 -217.946 1245.87 1
528 -0.05 -249.082 1245.87 1
529 -0.05 -280.217 1245.87 1
530 -0.05 -311.352 1245.87 1
531 -0.05 -342.487 1245.87 1
532 -0.05 -373.623 1245.87 1
533 -0.05 -404.758 1245.87 1
534 -0.05 -435.893 1245.87 1
535 -0.05 -467.028 1245.87 1
536 -0.05 -498.163 1245.87 1
537 -0.05 -529.298 1245.87 1
538 -0.05 -560.433 1245.87 1
539 -0.05 -591.569 1245.87 1
540 -0.05 -0 1197.07 1
541 -0.05 -31.1352 1197.07 1
542 -0.05 -62.2704 1197.07 1
543 -0.05 -93.4056 1197.07 1
544 -0.05 -124.541 1197.07 1
545 -0.05 -155.676 1197.07 1
546 -0.05 -186.811 1197.07 1
547 -0.05 -217.946 1197.07 1
548 -0.05 -249.082 1197.07 1
549 -0.05 -280.217 1197.07 1
550 -0.05 -311.352 1197.07 1
551 -0.05 -342.487 1197.07 1
552 -0.05 -373.623 1197.07 1
553 -0.05 -404.758 1197.07 1
554 -0.05 -435.893 1197.07 1
555 -0.05 -467.028 1197.07 1
556 -0.05 -498.163 1197.07 1
557 -0.05 -529.298 1197.07 1
558 -0.05 -560.433 1197.07 1
559 -0.05 -591.569 1197.07 1
560 -0.05 -0 1125.08 1
561 -0.05 -31.1352 1125.08 1
562 -0.05 -62.2704 1125.08 1
563 -0.05 -93.4056 1125.08 1
564 -0.05 -124.541 1125.08 1
565 -0.05 -155.676 1125.08 1
566 -0.05 -186.811 1125.08 1
567 -0.05 -217.946 1125.08 1
568 -0.05 -249.082 1125.08 1
569 -0.05 -280.217 1125.08 1
570 -0.05 -311.352 1125.08 1
571 -0.05 -342.487 1125.08 1
572 -0.05 -373.623 1125.08 1
573 -0.05 -404.758 1125.08 1
574 -0.05 -435.893 1125.08 1
575 -0.05 -467.028 1125.08 1
576 -0.05 -498.163 1125.08 1
577 -0.05 -529.298 1125.08 1
578 -0.05 -560.433 1125.08 1
579 -0.05 -591.569 1125.08 1
580 -0.05 -0 1076.28 1
581 -0.05 -31.1352 1076.28 1
582 -0.05 -62.2704 1076.28 1
583 -0.05 -93.4056 1076.28 1
584 -0.05 -124.541 1076.28 1
585 -0.05 -155.676 1076.28 1
586 -0.05 -186.811 1076.28 1
587 -0.05 -217.946 1076.28 1
588 -0.05 -249.082 1076.28 1
589 -0.05 -280.217 1076.28 1
590 -0.05 -311.352 1076.28 1
591 -0.05 -342.487 1076.28 1
592 -0.05 -373.623 1076.28 1
593 -0.05 -404.758 1076.28 1
594 -0.05 -435.893 1076.28 1
595 -0.05 -467.028 1076.28 1
596 -0.05 -498.163 1076.28 1
597 -0.05 -529.298 1076.28 1
598 -0.05 -560.433 1076.28 1
599 -0.05 -591.569 1076.28 1
600 -0.05 -0 1013.48 1
601 -0.05 -31.1352 1013.48 1
602 -0.05 -62.2704 1013.48 1
603 -0.05 -93.4056 1013.48 1
604 -0.05 -124.541 1013.48 1
605 -0.05 -155.676 1013.48 1
606 -0.05 -186.811 1013.48 1
607 -0.05 -217.946 1013.48 1
608 -0.05 -249.082 1013.48 1
609 -0.05 -280.217 1013.48 1
610 -0.05 -311.352 1013.48 1
611 -0.05 -342.487 1013.48 1
612 -0.05 -373.623 1013.48 1
613 -0.05 -404.758 1013.48 1
614 -0.05 -435.893 1013.48 1
615 -0.05 -467.028 1013.48 1
616 -0.05 -498.163 1013.48 1
617 -0.05 -529.298 1013.48 1
618 -0.05 -560.433 1013.48 1
619 -0.05 -591.569 1013.48 1
620 -0.05 -0 964.679 1
621 -0.05 -31.1352 964.679 1
622 -0.05 -62.2704 964.679 1
623 -0.05 -93.4056 964.679 1
624 -0.05 -124.541 964.679 1
625 -0.05 -155.676 964.679 1
626 -0.05 -186.811 964.679 1
627 -0.05 -217.946 964.679 1
628 -0.05 -249.082 964.679 1
629 -0.05 -280.217 964.679 1
630 -0.05 -311.352 964.679 1
631 -0.05 -342.487 964.679 1
632 -0.05 -373.623 964.679 1
633 -0.05 -404.758 964.679 1
634 -0.05 -435.893 964.679 1
635 -0.05 -467.028 964.679 1
636 -0.05 -498.163 964.679 1
637 -0.05 -529.298 964.679 1
638 -0.05 -560.433 964.679 1
639 -0.05 -591.569 964.679 1
640 -0.05 -0 892.689 1
641 -0.05 -31.1352 892.689 1
642 -0.05 -62.2704 892.689 1
643 -0.05 -93.4056 892.689 1
644 -0.05 -124.541 892.689 1
645 -0.05 -155.676 892.689 1
646 -0.05 -186.811 892.689 1
647 -0.05 -217.946 892.689 1
648 -0.05 -249.082 892.689 1
649 -0.05 -280.217 892.689 1
650 -0.05 -311.352 892.689 1
651 -0.05 -342.487 892.689 1
652 -0.05 -373.623 892.689 1
653 -0.05 -404.758 892.689 1
654 -0.05 -435.893 892.689 1
655 -0.05 -467.028 892.689 1
656 -0.05 -498.163 892.689 1
657 -0.05 -529.298 892.689 1
658 -0.05 -560.433 892.689 1
659 -0.05 -591.569 892.689 1
660 -0.05 -0 843.889 1
661 -0.05 -31.1352 843.889 1
662 -0.05 -62.2704 843.889 1
663 -0.05 -93.4056 843.889 1
664 -0.05 -124.541 843.889 1
665 -0.05 -155.676 843.889 1
666 -0.05 -186.811 843.889 1
667 -0.05 -217.946 843.889 1
668 -0.05 -249.082 843.889 1
669 -0.05 -280.217 843.889 1
670 -0.05 -311.352 843.889 1
671 -0.05 -342.487 843.889 1
672 -0.05 -373.623 843.889 1
673 -0.05 -404.758 843.889 1
674 -0.05 -435.893 843.889 1
675 -0.05 -467.028 843.889 1
676 -0.05 -498.163 843.889 1
677 -0.05 -529.298 843.889 1
678 -0.05 -560.433 843.889 1
679 -0.05 -591.569 843.889 1
680 -0.05 -0 781.089 1
681 -0.05 -31.1352 781.089 1
682 -0.05 -62.2704 781.089 1
683 -0.05 -93.4056 781.089 1
684 -0.05 -124.541 781.089 1
685 -0.05 -155.676 781.089 1
686 -0.05 -186.811 781.089 1
687 -0.05 -217.946 781.089 1
688 -0.05 -249.082 781.089 1
689 -0.05 -280.217 781.089 1
690 -0.05 -311.352 781.089 1
691 -0.05 -342.487 781.089 1
692 -0.05 -373.623 781.089 1
693 -0.05 -404.758 781.089 1
694 -0.05 -435.893 781.089 1
695 -0.05 -467.028 781.089 1
696 -0.05 -498.163 781.089 1
697 -0.05 -529.298 781.089 1
698 -0.05 -560.433 781.089 1
699 -0.05 -591.569 781.089 1
700 -0.05 -0 732.289 1
701 -0.05 -31.1352 732.289 1
702 -0.05 -62.2704 732.289 1
703 -0.05 -93.4056 732.289 1
704 -0.05 -124.541 732.289 1
705 -0.05 -155.676 732.289 1
706 -0.05 -186.811 732.289 1
707 -0.05 -217.946 732.289 1
708 -0.05 -249.082 732.289 1
709 -0.05 -280.217 732.289 1
710 -0.05 -311.352 732.289 1
711 -0.05 -342.487 732.289 1
712 -0.05 -373.623 732.289 1
713 -0.05 -404.758 732.289 1
714 -0.05 -435.893 732.289 1
715 -0.05 -467.028 732.289 1
716 -0.05 -498.163 732.289 1
717 -0.05 -529.298 732.289 1
718 -0.05 -560.433 732.289 1
719 -0.05 -591.569 732.289 1
720 -0.05 -0 660.299 1
721 -0.05 -31.1352 660.299 1
722 -0.05 -62.2704 660.299 1
723 -0.05 -93.4056 660.299 1
724 -0.05 -124.541 660.299 1
725 -0.05 -155.676 660.299 1
726 -0.05 -186.811 660.299 1
727 -0.05 -217.946 660.299 1
728 -0.05 -249.082 660.299 1
729 -0.05 -280.217 660.299 1
730 -0.05 -311.352 660.299 1
731 -0.05 -342.487 660.299 1
732 -0.05 -373.623 660.299 1
733 -0.05 -404.758 660.299 1
734 -0.05 -435.893 660.299 1
735 -0.05 -467.028 660.299 1
736 -0.05 -498.163 660.299 1
737 -0.05 -529.298 660.299 1
738 -0.05 -560.433 660.299 1
739 -0.05 -591.569 660.299 1
740 -0.05 -0 611.499 1
741 -0.05 -31.1352 611.499 1
742 -0.05 -62.2704 611.499 1
743 -0.05 -93.4056 611.499 1
744 -0.05 -124.541 611.499 1
745 -0.05 -155.676 611.499 1
746 -0.05 -186.811 611.499 1
747 -0.05 -217.946 611.499 1
748 -0.05 -249.082 611.499 1
749 -0.05 -280.217 611.499 1
750 -0.05 -311.352 611.499 1
751 -0.05 -342.487 611.499 1
752 -0.05 -373.623 611.499 1
753 -0.05 -404.758 611.499 1
754 -0.05 -435.893 611.499 1
755 -0.05 -467.028 611.499 1
756 -0.05 -498.163 611.499 1
757 -0.05 -529.298 611.499 1
758 -0.05 -560.433 611.499 1
759 -0.05 -591.569 611.499 1
760 -0.05 -0 548.699 1
761 -0.05 -31.1352 548.699 1
762 -0.05 -62.2704 548.699 1
763 -0.05 -93.4056 548.699 1
764 -0.05 -124.541 548.699 1
765 -0.05 -155.676 548.699 1
766 -0.05 -186.811 548.699 1
767 -0.05 -217.946 548.699 1
768 -0.05 -249.082 548.699 1
769 -0.05 -280.217 548.699 1
770 -0.05 -311.352 548.699 1
771 -0.05 -342.487 548.699 1
772 -0.05 -373.623 548.699 1
773 -0.05 -404.758 548.699 1
774 -0.05 -435.893 548.699 1
775 -0.05 -467.028 548.699 1
776 -0.05 -498.163 548.699 1
777 -0.05 -529.298 548.699 1
778 -0.05 -560.433 548.699 1
779 -0.05 -591.569 548.699 1
780 -0.05 -0 499.899 1
781 -0.05 -31.1352 499.899 1
782 -0.05 -62.2704 499.899 1
783 -0.05 -93.4056 499.899 1
784 -0.05 -124.541 499.899 1
785 -0.05 -155.676 499.899 1
786 -0.05 -186.811 499.899 1
787 -0.05 -217.946 499.899 1
788 -0.05 -249.082 499.899 1
789 -0.05 -280.217 499.899 1
790 -0.05 -311.352 499.899 1
791 -0.05 -342.487 499.899 1
792 -0.05 -373.623 499.899 1
793 -0.05 -404.758 499.899 1
794 -0.05 -435.893 499.899 1
795 -0.05 -467.028 499.899 1
796 -0.05 -498.163 499.899 1
797 -0.05 -529.298 499.899 1
798 -0.05 -560.433 499.899 1
799 -0.05 -591.569 499.899 1
800 -0.05 -0 427.909 1
801 -0.05 -31.1352 427.909 1
802 -0.05 -62.2704 427.909 1
803 -0.05 -93.4056 427.909 1
804 -0.05 -124.541 427.909 1
805 -0.05 -155.676 427.909 1
806 -0.05 -186.811 427.909 1
807 -0.05 -217.946 427.909 1
808 -0.05 -249.082 427.909 1
809 -0.05 -280.217 427.909 1
810 -0.05 -311.352 427.909 1
811 -0.05 -342.487 427.909 1
812 -0.05 -373.623 427.909 1
813 -0.05 -404.758 427.909 1
814 -0.05 -435.893 427.909 1
815 -0.05 -467.028 427.909 1
816 -0.05 -498.163 427.909 1
817 -0.05 -529.298 427.909 1
818 -0.05 -560.433 427.909 1
819 -0.05 -591.569 427.909 1
820 -0.05 -0 379.109 1
821 -0.05 -31.1352 379.109 1
822 -0.05 -62.2704 379.109 1
823 -0.05 -93.4056 379.109 1
824 -0.05 -124.541 379.109 1
825 -0.05 -155.676 379.109 1
826 -0.05 -186.811 379.109 1
827 -0.05 -217.946 379.109 1
828 -0.05 -249.082 379.109 1
829 -0.05 -280.217 379.109 1
830 -0.05 -311.352 379.109 1
831 -0.05 -342.487 379.109 1
832 -0.05 -373.623 379.109 1
833 -0.05 -404.758 379.109 1
834 -0.05 -435.893 379.109 1
835 -0.05 -467.028 379.109 1
836 -0.05 -498.163 379.109 1
837 -0.05 -529.298 379.109 1
838 -0.05 -560.433 379.109 1
839 -0.05 -591.569 379.109 1
840 -0.05 -0 316.309 1
841 -0.05 -31.1352 316.309 1
842 -0.05 -62.2704 316.309 1
843 -0.05 -93.4056 316.309 1
844 -0.05 -124.541 316.309 1
845 -0.05 -155.676 316.309 1
846 -0.05 -186.811 316.309 1
847 -0.05 -217.946 316.309 1
848 -0.05 -249.082 316.309 1
849 -0.05 -280.217 316.309 1
850 -0.05 -311.352 316.309 1
851 -0.05 -342.487 316.309 1
852 -0.05 -373.623 316.309 1
853 -0.05 -404.758 316.309 1
854 -0.05 -435.893 316.309 1
855 -0.05 -467.028 316.309 1
856 -0.05 -498.163 316.309 1
857 -0.05 -529.298 316.309 1
858 -0.05 -560.433 316.309 1
859 -0.05 -591.569 316.309 1
860 -0.05 -0 267.509 1
861 -0.05 -31.1352 267.509 1
862 -0.05 -62.2704 267.509 1
863 -0.05 -93.4056 267.509 1
864 -0.05 -124.541 267.509 1
865 -0.05 -155.676 267.509 1
866 -0.05 -186.811 267.509 1
867 -0.05 -217.946 267.509 1
868 -0.05 -249.082 267.509 1
869 -0.05 -280.217 267.509 1
870 -0.05 -311.352 267.509 1
871 -0.05 -342.487 267.509 1
872 -0.05 -373.623 267.509 1
873 -0.05 -404.758 267.509 1
874 -0.05 -435.893 267.509 1
875 -0.05 -467.028 267.509 1
876 -0.05 -498.163 267.509 1
877 -0.05 -529.298 267.509 1
878 -0.05 -560.433 267.509 1
879 -0.05 -591.569 267.509 1
880 -0.05 -0 195.519 1
881 -0.05 -31.1352 195.519 1
882 -0.05 -62.2704 195.519 1
883 -0.05 -93.4056 195.519 1
884 -0.05 -124.541 195.519 1
885 -0.05 -155.676 195.519 1
886 -0.05 -186.811 195.519 1
887 -0.05 -217.946 195.519 1
888 -0.05 -249.082 195.519 1
889 -0.05 -280.217 195.519 1
890 -0.05 -311.352 195.519 1
891 -0.05 -342.487 195.519 1
892 -0.05 -373.623 195.519 1
893 -0.05 -404.758 195.519 1
894 -0.05 -435.893 195.519 1
895 -0.05 -467.028 195.519 1
896 -0.05 -498.163 195.519 1
897 -0.05 -529.298 195.519 1
898 -0.05 -560.433 195.519 1
899 -0.05 -591.569 195.519 1
900 -0.05 -0 146.719 1
901 -0.05 -31.1352 146.719 1
902 -0.05 -62.2704 146.719 1
903 -0.05 -93.4056 146.719 1
904 -0.05 -124.541 146.719 1
905 -0.05 -155.676 146.719 1
906 -0.05 -186.811 146.719 1
907 -0.05 -217.946 146.719 1
908 -0.05 -249.082 146.719 1
909 -0.05 -280.217 146.719 1
910 -0.05 -311.352 146.719 1
911 -0.05 -342.487 146.719 1
912 -0.05 -373.623 146.719 1
913 -0.05 -404.758 146.719 1
914 -0.05 -435.893 146.719 1
915 -0.05 -467.028 146.719 1
916 -0.05 -498.163 146.719 1
917 -0.05 -529.298 146.719 1
918 -0.05 -560.433 146.719 1
919 -0.05 -591.569 146.719 1
920 -0.05 -0 83.9188 1
921 -0.05 -31.1352 83.9188 1
922 -0.05 -62.2704 83.9188 1
923 -0.05 -93.4056 83.9188 1
924 -0.05 -124.541 83.9188 1
925 -0.05 -155.676 83.9188 1
926 -0.05 -186.811 83.9188 1
927 -0.05 -217.946 83.9188 1
928 -0.05 -249.082 83.9188 1
929 -0.05 -280.217 83.9188 1
930 -0.05 -311.352 83.9188 1
931 -0.05 -342.487 83.9188 1
932 -0.05 -373.623 83.9188 1
933 -0.05 -404.758 83.9188 1
934 -0.05 -435.893 83.9188 1
935 -0.05 -467.028 83.9188 1
936 -0.05 -498.163 83.9188 1
937 -0.05 -529.298 83.9188 1
938 -0.05 -560.433 83.9188 1
939 -0.05 -591.569 83.9188 1
940 -0.05 -0 35.1188 1
941 -0.05 -31.1352 35.1188 1
942 -0.05 -62.2704 35.1188 1
943 -0.05 -93.4056 35.1188 1
944 -0.05 -124.541 35.1188 1
945 -0.05 -155.676 35.1188 1
946 -0.05 -186.811 35.1188 1
947 -0.05 -217.946 35.1188 1
948 -0.05 -249.082 35.1188 1
949 -0.05 -280.217 35.1188 1
950 -0.05 -311.352 35.1188 1
951 -0.05 -342.487 35.1188 1
952 -0.05 -373.623 35.1188 1
953 -0.05 -404.758 35.1188 1
954 -0.05 -435.893 35.1188 1
955 -0.05 -467.028 35.1188 1
956 -0.05 -498.163 35.1188 1
957 -0.05 -529.298 35.1188 1
958 -0.05 -560.433 35.1188 1
959 -0.05 -591.569 35.1188 1
0 0.05 591.569 1357.47 1
1 0.05 579.738 1357.47 1
2 0.05 567.906 1357.47 1
3 0.05 556.075 1357.47 1
4 0.05 544.243 1357.47 1
5 0.05 532.412 1357.47 1
6 0.05 520.581 1357.47 1
7 0.05 508.749 1357.47 1
8 0.05 496.918 1357.47 1
9 0.05 485.087 1357.47 1
10 0.05 473.255 1357.47 1
11 0.05 461.424 1357.47 1
12 0.05 449.592 1357.47 1
13 0.05 437.761 1357.47 1
14 0.05 425.93 1357.47 1
15 0.05 414.098 1357.47 1
16 0.05 402.267 1357.47 1
17 0.05 390.436 1357.47 1
18 0.05 378.604 1357.47 1
19 0.05 366.773 1357.47 1
20 0.05 354.941 1308.67 1
21 0.05 343.11 1308.67 1
22 0.05 331.279 1308.67 1
23 0.05 319.447 1308.67 1
24 0.05 307.616 1308.67 1
25 0.05 295.784 1308.67 1
26 0.05 283.953 1308.67 1
27 0.05 272.122 1308.67 1
28 0.05 260.29 1308.67 1
29 0.05 248.459 1308.67 1
30 0.05 236.628 1308.67 1
31 0.05 224.796 1308.67 1
32 0.05 212.965 1308.67 1
33 0.05 201.133 1308.67 1
34 0.05 189.302 1308.67 1
35 0.05 177.471 1308.67 1
36 0.05 165.639 1308.67 1
37 0.05 153.808 1308.67 1
38 0.05 141.977 1308.67 1
39 0.05 130.145 1308.67 1
40 0.05 118.314 1245.87 1
41 0.05 106.482 1245.87 1
42 0.05 94.651 1245.87 1
43 0.05 82.8197 1245.87 1
44 0.05 70.9883 1245.87 1
45 0.05 59.1569 1245.87 1
46 0.05 47.3255 1245.87 1
47 0.05 35.4941 1245.87 1
48 0.05 23.6628 1245.87 1
49 0.05 11.8314 1245.87 1
50 0.05 591.569 1245.87 1
51 0.05 579.738 1245.87 1
52 0.05 567.906 1245.87 1
53 0.05 556.075 1245.87 1
54 0.05 544.243 1245.87 1
55 0.05 532.412 1245.87 1
56 0.05 520.581 1245.87 1
57 0.05 508.749 1245.87 1
58 0.05 496.918 1245.87 1
59 0.05 485.087 1245.87 1
60 0.05 473.255 1197.07 1
61 0.05 461.424 1197.07 1
62 0.05 449.592 1197.07 1
63 0.05 437.761 1197.07 1
64 0.05 425.93 1197.07 1
65 0.05 414.098 1197.07 1
66 0.05 402.267 1197.07 1
67 0.05 390.436 1197.07 1
68 0.05 378.604 1197.07 1
69 0.05 366.773 1197.07 1
70 0.05 354.941 1197.07 1
71 0.05 343.11 1197.07 1
72 0.05 331.279 1197.07 1
73 0.05 319.447 1197.07 1
74 0.05 307.616 1197.07 1
75 0.05 295.784 1197.07 1
76 0.05 283.953 1197.07 1
77 0.05 272.122 1197.07 1
78 0.05 260.29 1197.07 1
79 0.05 248.459 1197.07 1
80 0.05 236.628 1125.08 1
81 0.05 224.796 1125.08 1
82 0.05 212.965 1125.08 1
83 0.05 201.133 1125.08 1
84 0.05 189.302 1125.08 1
85 0.05 177.471 1125.08 1
86 0.05 165.639 1125.08 1
87 0.05 153.808 1125.08 1
88 0.05 141.977 1125.08 1
89 0.05 130.145 1125.08 1
90 0.05 118.314 1125.08 1
91 0.05 106.482 1125.08 1
92 0.05 94.651 1125.08 1
93 0.05 82.8197 1125.08 1
94 0.05 70.9883 1125.08 1
95 0.05 59.1569 1125.08 1
96 0.05 47.3255 1125.08 1
97 0.05 35.4941 1125.08 1
98 0.05 23.6628 1125.08 1
99 0.05 11.8314 1125.08 1
100 0.05 591.569 1076.28 1
101 0.05 579.738 1076.28 1
102 0.05 567.906 1076.28 1
103 0.05 556.075 1076.28 1
104 0.05 544.243 1076.28 1
105 0.05 532.412 1076.28 1
106 0.05 520.581 1076.28 1
107 0.05 508.749 1076.28 1
108 0.05 496.918 1076.28 1
109 0.05 485.087 1076.28 1
110 0.05 473.255 1076.28 1
111 0.05 461.424 1076.28 1
112 0.05 449.592 1076.28 1
113 0.05 437.761 1076.28 1
114 0.05 425.93 1076.28 1
115 0.05 414.098 1076.28 1
116 0.05 402.267 1076.28 1
117 0.05 390.436 1076.28 1
118 0.05 378.604 1076.28 1
119 0.05 366.773 1076.28 1
120 0.05 354.941 1013.48 1
121 0.05 343.11 1013.48 1
122 0.05 331.279 1013.48 1
123 0.05 319.447 1013.48 1
124 0.05 307.616 1013.48 1
125 0.05 295.784 1013.48 1
126 0.05 283.953 1013.48 1
127 0.05 272.122 1013.48 1
128 0.05 260.29 1013.48 1
129 0.05 248.459 1013.48 1
130 0.05 236.628 1013.48 1
131 0.05 224.796 1013.48 1
132 0.05 212.965 1013.48 1
133 0.05 201.133 1013.48 1
134 0.05 189.302 1013.48 1
135 0.05 177.471 1013.48 1
136 0.05 165.639 1013.48 1
137 0.05 153.808 1013.48 1
138 0.05 141.977 1013.48 1
139 0.05 130.145 1013.48 1
140 0.05 118.314 964.679 1
141 0.05 106.482 964.679 1
142 0.05 94.651 964.679 1
143 0.05 82.8197 964.679 1
144 0.05 70.9883 964.679 1
145 0.05 59.1569 964.679 1
146 0.05 47.3255 964.679 1
147 0.05 35.4941 964.679 1
148 0.05 23.6628 964.679 1
149 0.05 11.8314 964.679 1
150 0.05 591.569 964.679 1
151 0.05 579.738 964.679 1
152 0.05 567.906 964.679 1
153 0.05 556.075 964.679 1
154 0.05 544.243 964.679 1
155 0.05 532.412 964.679 1
156 0.05 520.581 964.679 1
157 0.05 508.749 964.679 1
158 0.05 496.918 964.679 1
159 0.05 485.087 964.679 1
160 0.05 473.255 892.689 1
161 0.05 461.424 892.689 1
162 0.05 449.592 892.689 1
163 0.05 437.761 892.689 1
164 0.05 425.93 892.689 1
165 0.05 414.098 892.689 1
166 0.05 402.267 892.689 1
167 0.05 390.436 892.689 1
168 0.05 378.604 892.689 1
169 0.05 366.773 892.689 1
170 0.05 354.941 892.689 1
171 0.05 343.11 892.689 1
172 0.05 331.279 892.689 1
173 0.05 319.447 892.689 1
174 0.05 307.616 892.689 1
175 0.05 295.784 892.689 1
176 0.05 283.953 892.689 1
177 0.05 272.122 892.689 1
178 0.05 260.29 892.689 1
179 0.05 248.459 892.689 1
180 0.05 236.628 843.889 1
181 0.05 224.796 843.889 1
182 0.05 212.965 843.889 1
183 0.05 201.133 843.889 1
184 0.05 189.302 843.889 1
185 0.05 177.471 843.889 1
186 0.05 165.639 843.889 1
187 0.05 153.808 843.889 1
188 0.05 141.977 843.889 1
189 0.05 130.145 843.889 1
190 0.05 118.314 843.889 1
191 0.05 106.482 843.889 1
192 0.05 94.651 843.889 1
193 0.05 82.8197 843.889 1
194 0.05 70.9883 843.889 1
195 0.05 59.1569 843.889 1
196 0.05 47.3255 843.889 1
197 0.05 35.4941 843.889 1
198 0.05 23.6628 843.889 1
199 0.05 11.8314 843.889 1
200 0.05 591.569 781.089 1
201 0.05 579.738 781.089 1
202 0.05 567.906 781.089 1
203 0.05 556.075 781.089 1
204 0.05 544.243 781.089 1
205 0.05 532.412 781.089 1
206 0.05 520.581 781.089 1
207 0.05 508.749 781.089 1
208 0.05 496.918 781.089 1
209 0.05 485.087 781.089 1
210 0.05 473.255 781.089 1
211 0.05 461.424 781.089 1
212 0.05 449.592 781.089 1
213 0.05 437.761 781.089 1
214 0.05 425.93 781.089 1
215 0.05 414.098 781.089 1
216 0.05 402.267 781.089 1
217 0.05 390.436 781.089 1
218 0.05 378.604 781.089 1
219 0.05 366.773 781.089 1
220 0.05 354.941 732.289 1
221 0.05 343.11 732.289 1
222 0.05 331.279 732.289 1
223 0.05 319.447 732.289 1
224 0.05 307.616 732.289 1
225 0.05 295.784 732.289 1
226 0.05 283.953 732.289 1
227 0.05 272.122 732.289 1
228 0.05 260.29 732.289 1
229 0.05 248.459 732.289 1
230 0.05 236.628 732.289 1
231 0.05 224.796 732.289 1
232 0.05 212.965 732.289 1
233 0.05 201.133 732.289 1
234 0.05 189.302 732.289 1
235 0.05 177.471 732.289 1
236 0.05 165.639 732.289 1
237 0.05 153.808 732.289 1
238 0.05 141.977 732.289 1
239 0.05 130.145 732.289 1
240 0.05 118.314 660.299 1
241 0.05 106.482 660.299 1
242 0.05 94.651 660.299 1
243 0.05 82.8197 660.299 1
244 0.05 70.9883 660.299 1
245 0.05 59.1569 660.299 1
246 0.05 47.3255 660.299 1
247 0.05 35.4941 660.299 1
248 0.05 23.6628 660.299 1
249 0.05 11.8314 660.299 1
250 0.05 591.569 660.299 1
251 0.05 579.738 660.299 1
252 0.05 567.906 660.299 1
253 0.05 556.075 660.299 1
254 0.05 544.243 660.299 1
255 0.05 532.412 660.299 1
256 0.05 520.581 660.299 1
257 0.05 508.749 660.299 1
258 0.05 496.918 660.299 1
259 0.05 485.087 660.299 1
260 0.05 473.255 611.499 1
261 0.05 461.424 611.499 1
262 0.05 449.592 611.499 1
263 0.05 437.761 611.499 1
264 0.05 425.93 611.499 1
265 0.05 414.098 611.499 1
266 0.05 402.267 611.499 1
267 0.05 390.436 611.499 1
268 0.05 378.604 611.499 1
269 0.05 366.773 611.499 1
270 0.05 354.941 611.499 1
271 0.05 343.11 611.499 1
272 0.05 331.279 611.499 1
273 0.05 319.447 611.499 1
274 0.05 307.616 611.499 1
275 0.05 295.784 611.499 1
276 0.05 283.953 611.499 1
277 0.05 272.122 611.499 1
278 0.05 260.29 611.499 1
279 0.05 248.459 611.499 1
280 0.05 236.628 548.699 1
281 0.05 224.796 548.699 1
282 0.05 212.965 548.699 1
283 0.05 201.133 548.699 1
284 0.05 189.302 548.699 1
285 0.05 177.471 548.699 1
286 0.05 165.639 548.699 1
287 0.05 153.808 548.699 1
288 0.05 141.977 548.699 1
289 0.05 130.145 548.699 1
290 0.05 118.314 548.699 1
291 0.05 106.482 548.699 1
292 0.05 94.651 548.699 1
293 0.05 82.8197 548.699 1
294 0.05 70.9883 548.699 1
295 0.05 59.1569 548.699 1
296 0.05 47.3255 548.699 1
297 0.05 35.4941 548.699 1
298 0.05 23.6628 548.699 1
299 0.05 11.8314 548.699 1
300 0.05 591.569 499.899 1
301 0.05 579.738 499.899 1
302 0.05 567.906 499.899 1
303 0.05 556.075 499.899 1
304 0.05 544.243 499.899 1
305 0.05 532.412 499.899 1
306 0.05 520.581 499.899 1
307 0.05 508.749 499.899 1
308 0.05 496.918 499.899 1
309 0.05 485.087 499.899 1
310 0.05 473.255 499.899 1
311 0.05 461.424 499.899 1
312 0.05 449.592 499.899 1
313 0.05 437.761 499.899 1
314 0.05 425.93 499.899 1
315 0.05 414.098 499.899 1
316 0.05 402.267 499.899 1
317 0.05 390.436 499.899 1
318 0.05 378.604 499.899 1
319 0.05 366.773 499.899 1
320 0.05 354.941 427.909 1
321 0.05 343.11 427.909 1
322 0.05 331.279 427.909 1
323 0.05 319.447 427.909 1
324 0.05 307.616 427.909 1
325 0.05 295.784 427.909 1
326 0.05 283.953 427.909 1
327 0.05 272.122 427.909 1
328 0.05 260.29 427.909 1
329 0.05 248.459 427.909 1
330 0.05 236.628 427.909 1
331 0.05 224.796 427.909 1
332 0.05 212.965 427.909 1
333 0.05 201.133 427.909 1
334 0.05 189.302 427.909 1
335 0.05 177.471 427.909 1
336 0.05 165.639 427.909 1
337 0.05 153.808 427.909 1
338 0.05 141.977 427.909 1
339 0.05 130.145 427.909 1
340 0.05 118.314 379.109 1
341 0.05 106.482 379.109 1
342 0.05 94.651 379.109 1
343 0.05 82.8197 379.109 1
344 0.05 70.9883 379.109 1
345 0.05 59.1569 379.109 1
346 0.05 47.3255 379.109 1
347 0.05 35.4941 379.109 1
348 0.05 23.6628 379.109 1
349 0.05 11.8314 379.109 1
350 0.05 591.569 379.109 1
351 0.05 579.738 379.109 1
352 0.05 567.906 379.109 1
353 0.05 556.075 379.109 1
354 0.05 544.243 379.109 1
355 0.05 532.412 379.109 1
356 0.05 520.581 379.109 1
357 0.05 508.749 379.109 1
358 0.05 496.918 379.109 1
359 0.05 485.087 379.109 1
360 0.05 473.255 316.309 1
361 0.05 461.424 316.309 1
362 0.05 449.592 316.309 1
363 0.05 437.761 316.309 1
364 0.05 425.93 316.309 1
365 0.05 414.098 316.309 1
366 0.05 402.267 316.309 1
367 0.05 390.436 316.309 1
368 0.05 378.604 316.309 1
369 0.05 366.773 316.309 1
370 0.05 354.941 316.309 1
371 0.05 343.11 316.309 1
372 0.05 331.279 316.309 1
373 0.05 319.447 316.309 1
374 0.05 307.616 316.309 1
375 0.05 295.784 316.309 1
376 0.05 283.953 316.309 1
377 0.05 272.122 316.309 1
378 0.05 260.29 316.309 1
379 0.05 248.459 316.309 1
380 0.05 236.628 267.509 1
381 0.05 224.796 267.509 1
382 0.05 212.965 267.509 1
383 0.05 201.133 267.509 1
384 0.05 189.302 267.509 1
385 0.05 177.471 267.509 1
386 0.05 165.639 267.509 1
387 0.05 153.808 267.509 1
388 0.05 141.977 267.509 1
389 0.05 130.145 267.509 1
390 0.05 118.314 267.509 1
391 0.05 106.482 267.509 1
392 0.05 94.651 267.509 1
393 0.05 82.8197 267.509 1
394 0.05 70.9883 267.509 1
395 0.05 59.1569 267.509 1
396 0.05 47.3255 267.509 1
397 0.05 35.4941 267.509 1
398 0.05 23.6628 267.509 1
399 0.05 11.8314 267.509 1
400 0.05 591.569 195.519 1
401 0.05 579.738 195.519 1
402 0.05 567.906 195.519 1
403 0.05 556.075 195.519 1
404 0.05 544.243 195.519 1
405 0.05 532.412 195.519 1
406 0.05 520.581 195.519 1
407 0.05 508.749 195.519 1
408 0.05 496.918 195.519 1
409 0.05 485.087 195.519 1
410 0.05 473.255 195.519 1
411 0.05 461.424 195.519 1
412 0.05 449.592 195.519 1
413 0.05 437.761 195.519 1
414 0.05 425.93 195.519 1
415 0.05 414.098 195.519 1
416 0.05 402.267 195.519 1
417 0.05 390.436 195.519 1
418 0.05 378.604 195.519 1
419 0.05 366.773 195.519 1
420 0.05 354.941 146.719 1
421 0.05 343.11 146.719 1
422 0.05 331.279 146.719 1
423 0.05 319.447 146.719 1
424 0.05 307.616 146.719 1
425 0.05 295.784 146.719 1
426 0.05 283.953 146.719 1
427 0.05 272.122 146.719 1
428 0.05 260.29 146.719 1
429 0.05 248.459 146.719 1
430 0.05 236.628 146.719 1
431 0.05 224.796 146.719 1
432 0.05 212.965 146.719 1
433 0.05 201.133 146.719 1
434 0.05 189.302 146.719 1
435 0.05 177.471 146.719 1
436 0.05 165.639 146.719 1
437 0.05 153.808 146.719 1
438 0.05 141.977 146.719 1
439 0.05 130.145 146.719 1
440 0.05 118.314 83.9188 1
441 0.05 106.482 83.9188 1
442 0.05 94.651 83.9188 1
443 0.05 82.8197 83.9188 1
444 0.05 70.9883 83.9188 1
445 0.05 59.1569 83.9188 1
446 0.05 47.3255 83.9188 1
447 0.05 35.4941 83.9188 1
448 0.05 23.6628 83.9188 1
449 0.05 11.8314 83.9188 1
450 0.05 591.569 83.9188 1
451 0.05 579.738 83.9188 1
452 0.05 567.906 83.9188 1
453 0.05 556.075 83.9188 1
454 0.05 544.243 83.9188 1
455 0.05 532.412 83.9188 1
456 0.05 520.581 83.9188 1
457 0.05 508.749 83.9188 1
458 0.05 496.918 83.9188 1
459 0.05 485.087 83.9188 1
460 0.05 473.255 35.1188 1
461 0.05 461.424 35.1188 1
462 0.05 449.592 35.1188 1
463 0.05 437.761 35.1188 1
464 0.05 425.93 35.1188 1
465 0.05 414.098 35.1188 1
466 0.05 402.267 35.1188 1
467 0.05 390.436 35.1188 1
468 0.05 378.604 35.1188 1
469 0.05 366.773 35.1188 1
470 0.05 354.941 35.1188 1
471 0.05 343.11 35.1188 1
472 0.05 331.279 35.1188 1
473 0.05 319.447 35.1188 1
474 0.05 307.616 35.1188 1
475 0.05 295.784 35.1188 1
476 0.05 283.953 35.1188 1
477 0.05 272.122 35.1188 1
478 0.05 260.29 35.1188 1
479 0.05 248.459 35.1188 1
480 0.05 236.628 1357.47 1
481 0.05 224.796 1357.47 1
482 0.05 212.965 1357.47 1
483 0.05 201.133 1357.47 1
484 0.05 189.302 1357.47 1
485 0.05 177.471 1357.47 1
486 0.05 165.639 1357.47 1
487 0.05 153.808 1357.47 1
488 0.05 141.977 1357.47 1
489 0.05 130.145 1357.47 1
490 0.05 118.314 1357.47 1
491 0.05 106.482 1357.47 1
492 0.05 94.651 1357.47 1
493 0.05 82.8197 1357.47 1
494 0.05 70.9883 1357.47 1
495 0.05 59.1569 1357.47 1
496 0.05 47.3255 1357.47 1
497 0.05 35.4941 1357.47 1
498 0.05 23.6628 1357.47 1
499 0.05 11.8314 1357.47 1
500 0.05 591.569 1308.67 1
501 0.05 579.738 1308.67 1
502 0.05 567.906 1308.67 1
503 0.05 556.075 1308.67 1
504 0.05 544.243 1308.67 1
505 0.05 532.412 1308.67 1
506 0.05 520.581 1308.67 1
507 0.05 508.749 1308.67 1
508 0.05 496.918 1308.67 1
509 0.05 485.087 1308.67 1
510 0.05 473.255 1308.67 1
511 0.05 461.424 1308.67 1
512 0.05 449.592 1308.67 1
513 0.05 437.761 1308.67 1
514 0.05 425.93 1308.67 1
515 0.05 414.098 1308.67 1
516 0.05 402.267 1308.67 1
517 0.05 390.436 1308.67 1
518 0.05 378.604 1308.67 1
519 0.05 366.773 1308.67 1
520 0.05 354.941 1245.87 1
521 0.05 343.11 1245.87 1
522 0.05 331.279 1245.87 1
523 0.05 319.447 1245.87 1
524 0.05 307.616 1245.87 1
525 0.05 295.784 1245.87 1
526 0.05 283.953 1245.87 1
527 0.05 272.122 1245.87 1
528 0.05 260.29 1245.87 1
529 0.05 248.459 1245.87 1
530 0.05 236.628 1245.87 1
531 0.05 224.796 1245.87 1
532 0.05 212.965 1245.87 1
533 0.05 201.133 1245.87 1
534 0.05 189.302 1245.87 1
535 0.05 177.471 1245.87 1
536 0.05 165.639 1245.87 1
537 0.05 153.808 1245.87 1
538 0.05 141.977 1245.87 1
539 0.05 130.145 1245.87 1
540 0.05 118.314 1197.07 1
541 0.05 106.482 1197.07 1
542 0.05 94.651 1197.07 1
543 0.05 82.8197 1197.07 1
544 0.05 70.9883 1197.07 1
545 0.05 59.1569 1197.07 1
546 0.05 47.3255 1197.07 1
547 0.05 35.4941 1197.07 1
548 0.05 23.6628 1197.07 1
549 0.05 11.8314 1197.07 1
550 0.05 591.569 1197.07 1
551 0.05 579.738 1197.07 1
552 0.05 567.906 1197.07 1
553 0.05 556.075 1197.07 1
554 0.05 544.243 1197.07 1
555 0.05 532.412 1197.07 1
556 0.05 520.581 1197.07 1
557 0.05 508.749 1197.07 1
558 0.05 496.918 1197.07 1
559 0.05 485.087 1197.07 1
560 0.05 473.255 1125.08 1
561 0.05 461.424 1125.08 1
562 0.05 449.592 1125.08 1
563 0.05 437.761 1125.08 1
564 0.05 425.93 1125.08 1
565 0.05 414.098 1125.08 1
566 0.05 402.267 1125.08 1
567 0.05 390.436 1125.08 1
568 0.05 378.604 1125.08 1
569 0.05 366.773 1125.08 1
570 0.05 354.941 1125.08 1
571 0.05 343.11 1125.08 1
572 0.05 331.279 1125.08 1
573 0.05 319.447 1125.08 1
574 0.05 307.616 1125.08 1
575 0.05 295.784 1125.08 1
576 0.05 283.953 1125.08 1
577 0.05 272.122 1125.08 1
578 0.05 260.29 1125.08 1
579 0.05 248.459 1125.08 1
580 0.05 236.628 1076.28 1
581 0.05 224.796 1076.28 1
582 0.05 212.965 1076.28 1
583 0.05 201.133 1076.28 1
584 0.05 189.302 1076.28 1
585 0.05 177.471 1076.28 1
586 0.05 165.639 1076.28 1
587 0.05 153.808 1076.28 1
588 0.05 141.977 1076.28 1
589 0.05 130.145 1076.28 1
590 0.05 118.314 1076.28 1
591 0.05 106.482 1076.28 1
592 0.05 94.651 1076.28 1
593 0.05 82.8197 1076.28 1
594 0.05 70.9883 1076.28 1
595 0.05 59.1569 1076.28 1
596 0.05 47.3255 1076.28 1
597 0.05 35.4941 1076.28 1
598 0.05 23.6628 1076.28 1
599 0.05 11.8314 1076.28 1
600 0.05 591.569 1013.48 1
601 0.05 579.738 1013.48 1
602 0.05 567.906 1013.48 1
603 0.05 556.075 1013.48 1
604 0.05 544.243 1013.48 1
605 0.05 532.412 1013.48 1
606 0.05 520.581 1013.48 1
607 0.05 508.749 1013.48 1
608 0.05 496.918 1013.48 1
609 0.05 485.087 1013.48 1
610 0.05 473.255 1013.48 1
611 0.05 461.424 1013.48 1
612 0.05 449.592 1013.48 1
613 0.05 437.761 1013.48 1
614 0.05 425.93 1013.48 1
615 0.05 414.098 1013.48 1
616 0.05 402.267 1013.48 1
617 0.05 390.436 1013.48 1
618 0.05 378.604 1013.48 1
619 0.05 366.773 1013.48 1
620 0.05 354.941 964.679 1
621 0.05 343.11 964.679 1
622 0.05 331.279 964.679 1
623 0.05 319.447 964.679 1
624 0.05 307.616 964.679 1
625 0.05 295.784 964.679 1
626 0.05 283.953 964.679 1
627 0.05 272.122 964.679 1
628 0.05 260.29 964.679 1
629 0.05 248.459 964.679 1
630 0.05 236.628 964.679 1
631 0.05 224.796 964.679 1
632 0.05 212.965 964.679 1
633 0.05 201.133 964.679 1
634 0.05 189.302 964.679 1
635 0.05 177.471 964.679 1
636 0.05 165.639 964.679 1
637 0.05 153.808 964.679 1
638 0.05 141.977 964.679 1
639 0.05 130.145 964.679 1
640 0.05 118.314 892.689 1
641 0.05 106.482 892.689 1
642 0.05 94.651 892.689 1
643 0.05 82.8197 892.689 1
644 0.05 70.9883 892.689 1
645 0.05 59.1569 892.689 1
646 0.05 47.3255 892.689 1
647 0.05 35.4941 892.689 1
648 0.05 23.6628 892.689 1
649 0.05 11.8314 892.689 1
650 0.05 591.569 892.689 1
651 0.05 579.738 892.689 1
652 0.05 567.906 892.689 1
653 0.05 556.075 892.689 1
654 0.05 544.243 892.689 1
655 0.05 532.412 892.689 1
656 0.05 520.581 892.689 1
657 0.05 508.749 892.689 1
658 0.05 496.918 892.689 1
659 0.05 485.087 892.689 1
660 0.05 473.255 843.889 1
661 0.05 461.424 843.889 1
662 0.05 449.592 843.889 1
663 0.05 437.761 843.889 1
664 0.05 425.93 843.889 1
665 0.05 414.098 843.889 1
666 0.05 402.267 843.889 1
667 0.05 390.436 843.889 1
668 0.05 378.604 843.889 1
669 0.05 366.773 843.889 1
670 0.05 354.941 843.889 1
671 0.05 343.11 843.889 1
672 0.05 331.279 843.889 1
673 0.05 319.447 843.889 1
674 0.05 307.616 843.889 1
675 0.05 295.784 843.889 1
676 0.05 283.953 843.889 1
677 0.05 272.122 843.889 1
678 0.05 260.29 843.889 1
679 0.05 248.459 843.889 1
680 0.05 236.628 781.089 1
681 0.05 224.796 781.089 1
682 0.05 212.965 781.089 1
683 0.05 201.133 781.089 1
684 0.05 189.302 781.089 1
685 0.05 177.471 781.089 1
686 0.05 165.639 781.089 1
687 0.05 153.808 781.089 1
688 0.05 141.977 781.089 1
689 0.05 130.145 781.089 1
690 0.05 118.314 781.089 1
691 0.05 106.482 781.089 1
692 0.05 94.651 781.089 1
693 0.05 82.8197 781.089 1
694 0.05 70.9883 781.089 1
695 0.05 59.1569 781.089 1
696 0.05 47.3255 781.089 1
697 0.05 35.4941 781.089 1
698 0.05 23.6628 781.089 1
699 0.05 11.8314 781.089 1
700 0.05 591.569 732.289 1
701 0.05 579.738 732.289 1
702 0.05 567.906 732.289 1
703 0.05 556.075 732.289 1
704 0.05 544.243 732.289 1
705 0.05 532.412 732.289 1
706 0.05 520.581 732.289 1
707 0.05 508.749 732.289 1
708 0.05 496.918 732.289 1
709 0.05 485.087 732.289 1
710 0.05 473.255 732.289 1
711 0.05 461.424 732.289 1
712 0.05 449.592 732.289 1
713 0.05 437.761 732.289 1
714 0.05 425.93 732.289 1
715 0.05 414.098 732.289 1
716 0.05 402.267 732.289 1
717 0.05 390.436 732.289 1
718 0.05 378.604 732.289 1
719 0.05 366.773 732.289 1
720 0.05 354.941 660.299 1
721 0.05 343.11 660.299 1
722 0.05 331.279 660.299 1
723 0.05 319.447 660.299 1
724 0.05 307.616 660.299 1
725 0.05 295.784 660.299 1
726 0.05 283.953 660.299 1
727 0.05 272.122 660.299 1
728 0.05 260.29 660.299 1
729 0.05 248.459 660.299 1
730 0.05 236.628 660.299 1
731 0.05 224.796 660.299 1
732 0.05 212.965 660.299 1
733 0.05 201.133 660.299 1
734 0.05 189.302 660.299 1
735 0.05 177.471 660.299 1
736 0.05 165.639 660.299 1
737 0.05 153.808 660.299 1
738 0.05 141.977 660.299 1
739 0.05 130.145 660.299 1
740 0.05 118.314 611.499 1
741 0.05 106.482 611.499 1
742 0.05 94.651 611.499 1
743 0.05 82.8197 611.499 1
744 0.05 70.9883 611.499 1
745 0.05 59.1569 611.499 1
746 0.05 47.3255 611.499 1
747 0.05 35.4941 611.499 1
748 0.05 23.6628 611.499 1
749 0.05 11.8314 611.499 1
750 0.05 591.569 611.499 1
751 0.05 579.738 611.499 1
752 0.05 567.906 611.499 1
753 0.05 556.075 611.499 1
754 0.05 544.243 611.499 1
755 0.05 532.412 611.499 1
756 0.05 520.581 611.499 1
757 0.05 508.749 611.499 1
758 0.05 496.918 611.499 1
759 0.05 485.087 611.499 1
760 0.05 473.255 548.699 1
761 0.05 461.424 548.699 1
762 0.05 449.592 548.699 1
763 0.05 437.761 548.699 1
764 0.05 425.93 548.699 1
765 0.05 414.098 548.699 1
766 0.05 402.267 548.699 1
767 0.05 390.436 548.699 1
768 0.05 378.604 548.699 1
769 0.05 366.773 548.699 1
770 0.05 354.941 548.699 1
771 0.05 343.11 548.699 1
772 0.05 331.279 548.699 1
773 0.05 319.447 548.699 1
774 0.05 307.616 548.699 1
775 0.05 295.784 548.699 1
776 0.05 283.953 548.699 1
777 0.05 272.122 548.699 1
778 0.05 260.29 548.699 1
779 0.05 248.459 548.699 1
780 0.05 236.628 499.899 1
781 0.05 224.796 499.899 1
782 0.05 212.965 499.899 1
783 0.05 201.133 499.899 1
784 0.05 189.302 499.899 1
785 0.05 177.471 499.899 1
786 0.05 165.639 499.899 1
787 0.05 153.808 499.899 1
788 0.05 141.977 499.899 1
789 0.05 130.145 499.899 1
790 0.05 118.314 499.899 1
791 0.05 106.482 499.899 1
792 0.05 94.651 499.899 1
793 0.05 82.8197 499.899 1
794 0.05 70.9883 499.899 1
795 0.05 59.1569 499.899 1
796 0.05 47.3255 499.899 1
797 0.05 35.4941 499.899 1
798 0.05 23.6628 499.899 1
799 0.05 11.8314 499.899 1
800 0.05 591.569 427.909 1
801 0.05 579.738 427.909 1
802 0.05 567.906 427.909 1
803 0.05 556.075 427.909 1
804 0.05 544.243 427.909 1
805 0.05 532.412 427.909 1
806 0.05 520.581 427.909 1
807 0.05 508.749 427.909 1
808 0.05 496.918 427.909 1
809 0.05 485.087 427.909 1
810 0.05 473.255 427.909 1
811 0.05 461.424 427.909 1
812 0.05 449.592 427.909 1
813 0.05 437.761 427.909 1
814 0.05 425.93 427.909 1
815 0.05 414.098 427.909 1
816 0.05 402.267 427.909 1
817 0.05 390.436 427.909 1
818 0.05 378.604 427.909 1
819 0.05 366.773 427.909 1
820 0.05 354.941 379.109 1
821 0.05 343.11 379.109 1
822 0.05 331.279 379.109 1
823 0.05 319.447 379.109 1
824 0.05 307.616 379.109 1
825 0.05 295.784 379.109 1
826 0.05 283.953 379.109 1
827 0.05 272.122 379.109 1
828 0.05 260.29 379.109 1
829 0.05 248.459 379.109 1
830 0.05 236.628 379.109 1
831 0.05 224.796 379.109 1
832 0.05 212.965 379.109 1
833 0.05 201.133 379.109 1
834 0.05 189.302 379.109 1
835 0.05 177.471 379.109 1
836 0.05 165.639 379.109 1
837 0.05 153.808 379.109 1
838 0.05 141.977 379.109 1
839 0.05 130.145 379.109 1
840 0.05 118.314 316.309 1
841 0.05 106.482 316.309 1
842 0.05 94.651 316.309 1
843 0.05 82.8197 316.309 1
844 0.05 70.9883 316.309 1
845 0.05 59.1569 316.309 1
846 0.05 47.3255 316.309 1
847 0.05 35.4941 316.309 1
848 0.05 23.6628 316.309 1
849 0.05 11.8314 316.309 1
850 0.05 591.569 316.309 1
851 0.05 579.738 316.309 1
852 0.05 567.906 316.309 1
853 0.05 556.075 316.309 1
854 0.05 544.243 316.309 1
855 0.05 532.412 316.309 1
856 0.05 520.581 316.309 1
857 0.05 508.749 316.309 1
858 0.05 496.918 316.309 1
859 0.05 485.087 316.309 1
860 0.05 473.255 267.509 1
861 0.05 461.424 267.509 1
862 0.05 449.592 267.509 1
863 0.05 437.761 267.509 1
864 0.05 425.93 267.509 1
865 0.05 414.098 267.509 1
866 0.05 402.267 267.509 1
867 0.05 390.436 267.509 1
868 0.05 378.604 267.509 1
869 0.05 366.773 267.509 1
870 0.05 354.941 267.509 1
871 0.05 343.11 267.509 1
872 0.05 331.279 267.509 1
873 0.05 319.447 267.509 1
874 0.05 307.616 267.509 1
875 0.05 295.784 267.509 1
876 0.05 283.953 267.509 1
877 0.05 272.122 267.509 1
878 0.05 260.29 267.509 1
879 0.05 248.459 267.509 1
880 0.05 236.628 195.519 1
881 0.05 224.796 195.519 1
882 0.05 212.965 195.519 1
883 0.05 201.133 195.519 1
884 0.05 189.302 195.519 1
885 0.05 177.471 195.519 1
886 0.05 165.639 195.519 1
887 0.05 153.808 195.519 1
888 0.05 141.977 195.519 1
889 0.05 130.145 195.519 1
890 0.05 118.314 195.519 1
891 0.05 106.482 195.519 1
892 0.05 94.651 195.519 1
893 0.05 82.8197 195.519 1
894 0.05 70.9883 195.519 1
895 0.05 59.1569 195.519 1
896 0.05 47.3255 195.519 1
897 0.05 35.4941 195.519 1
898 0.05 23.6628 195.519 1
899 0.05 11.8314 195.519 1
900 0.05 591.569 146.719 1
901 0.05 579.738 146.719 1
902 0.05 567.906 146.719 1
903 0.05 556.075 146.719 1
904 0.05 544.243 146.719 1
905 0.05 532.412 146.719 1
906 0.05 520.581 146.719 1
907 0.05 508.749 146.719 1
908 0.05 496.918 146.719 1
909 0.05 485.087 146.719 1
910 0.05 473.255 146.719 1
911 0.05 461.424 146.719 1
912 0.05 449.592 146.719 1
913 0.05 437.761 146.719 1
914 0.05 425.93 146.719 1
915 0.05 414.098 146.719 1
916 0.05 402.267 146.719 1
917 0.05 390.436 146.719 1
918 0.05 378.604 146.719 1
919 0.05 366.773 146.719 1
920 0.05 354.941 83.9188 1
921 0.05 343.11 83.9188 1
922 0.05 331.279 83.9188 1
923 0.05 319.447 83.9188 1
924 0.05 307.616 83.9188 1
925 0.05 295.784 83.9188 1
926 0.05 283.953 83.9188 1
927 0.05 272.122 83.9188 1
928 0.05 260.29 83.9188 1
929 0.05 248.459 83.9188 1
930 0.05 236.628 83.9188 1
931 0.05 224.796 83.9188 1
932 0.05 212.965 83.9188 1
933 0.05 201.133 83.9188 1
934 0.05 189.302 83.9188 1
935 0.05 177.471 83.9188 1
936 0.05 165.639 83.9188 1
937 0.05 153.808 83.9188 1
938 0.05 141.977 83.9188 1
939 0.05 130.145 83.9188 1
940 0.05 118.314 35.1188 1
941 0.05 106.482 35.1188 1
942 0.05 94.651 35.1188 1
943 0.05 82.8197 35.1188 1
944 0.05 70.9883 35.1188 1
945 0.05 59.1569 35.1188 1
946 0.05 47.3255 35.1188 1
947 0.05 35.4941 35.1188 1
948 0.05 23.6628 35.1188 1
949 0.05 11.8314 35.1188 1
950 0.05 591.569 35.1188 1
951 0.05 579.738 35.1188 1
952 0.05 567.906 35.1188 1
953 0.05 556.075 35.1188 1
954 0.05 544.243 35.1188 1
955 0.05 532.412 35.1188 1
956 0.05 520.581 35.1188 1
957 0.05 508.749 35.1188 1
958 0.05 496.918 35.1188 1
959 0.05 485.087 35.1188 1
960 0.05 473.255 1357.47 1
961 0.05 461.424 1357.47 1
962 0.05 449.592 1357.47 1
963 0.05 437.761 1357.47 1
964 0.05 425.93 1357.47 1
965 0.05 414.098 1357.47 1
966 0.05 402.267 1357.47 1
967 0.05 390.436 1357.47 1
968 0.05 378.604 1357.47 1
969 0.05 366.773 1357.47 1
970 0.05 354.941 1357.47 1
971 0.05 343.11 1357.47 1
972 0.05 331.279 1357.47 1
973 0.05 319.447 1357.47 1
974 0.05 307.616 1357.47 1
975 0.05 295.784 1357.47 1
976 0.05 283.953 1357.47 1
977 0.05 272.122 1357.47 1
978 0.05 260.29 1357.47 1
979 0.05 248.459 1357.47 1
980 0.05 236.628 1308.67 1
981 0.05 224.796 1308.67 1
982 0.05 212.965 1308.67 1
983 0.05 201.133 1308.67 1
984 0.05 189.302 1308.67 1
985 0.05 177.471 1308.67 1
986 0.05 165.639 1308.67 1
987 0.05 153.808 1308.67 1
988 0.05 141.977 1308.67 1
989 0.05 130.145 1308.67 1
990 0.05 118.314 1308.67 1
991 0.05 106.482 1308.67 1
992 0.05 94.651 1308.67 1
993 0.05 82.8197 1308.67 1
994 0.05 70.9883 1308.67 1
995 0.05 59.1569 1308.67 1
996 0.05 47.3255 1308.67 1
997 0.05 35.4941 1308.67 1
998 0.05 23.6628 1308.67 1
999 0.05 11.8314 1308.67 1
1000 0.05 591.569 1245.87 1
1001 0.05 579.738 1245.87 1
1002 0.05 567.906 1245.87 1
1003 0.05 556.075 1245.87 1
1004 0.05 544.243 1245.87 1
1005 0.05 532.412 1245.87 1
1006 0.05 520.581 1245.87 1
1007 0.05 508.749 1245.87 1
1008 0.05 496.918 1245.87 1
1009 0.05 485.087 1245.87 1
1010 0.05 473.255 1245.87 1
1011 0.05 461.424 1245.87 1
1012 0.05 449.592 1245.87 1
1013 0.05 437.761 1245.87 1
1014 0.05 425.93 1245.87 1
1015 0.05 414.098 1245.87 1
1016 0.05 402.267 1245.87 1
1017 0.05 390.436 1245.87 1
1018 0.05 378.604 1245.87 1
1019 0.05 366.773 1245.87 1
1020 0.05 354.941 1197.07 1
1021 0.05 343.11 1197.07 1
1022 0.05 331.279 1197.07 1
1023 0.05 319.447 1197.07 1
1024 0.05 307.616 1197.07 1
1025 0.05 295.784 1197.07 1
1026 0.05 283.953 1197.07 1
1027 0.05 272.122 1197.07 1
1028 0.05 260.29 1197.07 1
1029 0.05 248.459 1197.07 1
1030 0.05 236.628 1197.07 1
1031 0.05 224.796 1197.07 1
1032 0.05 212.965 1197.07 1
1033 0.05 201.133 1197.07 1
1034 0.05 189.302 1197.07 1
1035 0.05 177.471 1197.07 1
1036 0.05 165.639 1197.07 1
1037 0.05 153.808 1197.07 1
1038 0.05 141.977 1197.07 1
1039 0.05 130.145 1197.07 1
1040 0.05 118.314 1125.08 1
1041 0.05 106.482 1125.08 1
1042 0.05 94.651 1125.08 1
1043 0.05 82.8197 1125.08 1
1044 0.05 70.9883 1125.08 1
1045 0.05 59.1569 1125.08 1
1046 0.05 47.3255 1125.08 1
1047 0.05 35.4941 1125.08 1
1048 0.05 23.6628 1125.08 1
1049 0.05 11.8314 1125.08 1
1050 0.05 591.569 1125.08 1
1051 0.05 579.738 1125.08 1
1052 0.05 567.906 1125.08 1
1053 0.05 556.075 1125.08 1
1054 0.05 544.243 1125.08 1
1055 0.05 532.412 1125.08 1
1056 0.05 520.581 1125.08 1
1057 0.05 508.749 1125.08 1
1058 0.05 496.918 1125.08 1
1059 0.05 485.087 1125.08 1
1060 0.05 473.255 1076.28 1
1061 0.05 461.424 1076.28 1
1062 0.05 449.592 1076.28 1
1063 0.05 437.761 1076.28 1
1064 0.05 425.93 1076.28 1
1065 0.05 414.098 1076.28 1
1066 0.05 402.267 1076.28 1
1067 0.05 390.436 1076.28 1
1068 0.05 378.604 1076.28 1
1069 0.05 366.773 1076.28 1
1070 0.05 354.941 1076.28 1
1071 0.05 343.11 1076.28 1
1072 0.05 331.279 1076.28 1
1073 0.05 319.447 1076.28 1
1074 0.05 307.616 1076.28 1
1075 0.05 295.784 1076.28 1
1076 0.05 283.953 1076.28 1
1077 0.05 272.122 1076.28 1
1078 0.05 260.29 1076.28 1
1079 0.05 248.459 1076.28 1
1080 0.05 236.628 1013.48 1
1081 0.05 224.796 1013.48 1
1082 0.05 212.965 1013.48 1
1083 0.05 201.133 1013.48 1
1084 0.05 189.302 1013.48 1
1085 0.05 177.471 1013.48 1
1086 0.05 165.639 1013.48 1
1087 0.05 153.808 1013.48 1
1088 0.05 141.977 1013.48 1
1089 0.05 130.145 1013.48 1
1090 0.05 118.314 1013.48 1
1091 0.05 106.482 1013.48 1
1092 0.05 94.651 1013.48 1
1093 0.05 82.8197 1013.48 1
1094 0.05 70.9883 1013.48 1
1095 0.05 59.1569 1013.48 1
1096 0.05 47.3255 1013.48 1
1097 0.05 35.4941 1013.48 1
1098 0.05 23.6628 1013.48 1
1099 0.05 11.8314 1013.48 1
1100 0.05 591.569 964.679 1
1101 0.05 579.738 964.679 1
1102 0.05 567.906 964.679 1
1103 0.05 556.075 964.679 1
1104 0.05 544.243 964.679 1
1105 0.05 532.412 964.679 1
1106 0.05 520.581 964.679 1
1107 0.05 508.749 964.679 1
1108 0.05 496.918 964.679 1
1109 0.05 485.087 964.679 1
1110 0.05 473.255 964.679 1
1111 0.05 461.424 964.679 1
1112 0.05 449.592 964.679 1
1113 0.05 437.761 964.679 1
1114 0.05 425.93 964.679 1
1115 0.05 414.098 964.679 1
1116 0.05 402.267 964.679 1
1117 0.05 390.436 964.679 1
1118 0.05 378.604 964.679 1
1119 0.05 366.773 964.679 1
1120 0.05 354.941 892.689 1
1121 0.05 343.11 892.689 1
1122 0.05 331.279 892.689 1
1123 0.05 319.447 892.689 1
1124 0.05 307.616 892.689 1
1125 0.05 295.784 892.689 1
1126 0.05 283.953 892.689 1
1127 0.05 272.122 892.689 1
1128 0.05 260.29 892.689 1
1129 0.05 248.459 892.689 1
1130 0.05 236.628 892.689 1
1131 0.05 224.796 892.689 1
1132 0.05 212.965 892.689 1
1133 0.05 201.133 892.689 1
1134 0.05 189.302 892.689 1
1135 0.05 177.471 892.689 1
1136 0.05 165.639 892.689 1
1137 0.05 153.808 892.689 1
1138 0.05 141.977 892.689 1
1139 0.05 130.145 892.689 1
1140 0.05 118.314 843.889 1
1141 0.05 106.482 843.889 1
1142 0.05 94.651 843.889 1
1143 0.05 82.8197 843.889 1
1144 0.05 70.9883 843.889 1
1145 0.05 59.1569 843.889 1
1146 0.05 47.3255 843.889 1
1147 0.05 35.4941 843.889 1
1148 0.05 23.6628 843.889 1
1149 0.05 11.8314 843.889 1
1150 0.05 591.569 843.889 1
1151 0.05 579.738 843.889 1
1152 0.05 567.906 843.889 1
1153 0.05 556.075 843.889 1
1154 0.05 544.243 843.889 1
1155 0.05 532.412 843.889 1
1156 0.05 520.581 843.889 1
1157 0.05 508.749 843.889 1
1158 0.05 496.918 843.889 1
1159 0.05 485.087 843.889 1
1160 0.05 473.255 781.089 1
1161 0.05 461.424 781.089 1
1162 0.05 449.592 781.089 1
1163 0.05 437.761 781.089 1
1164 0.05 425.93 781.089 1
1165 0.05 414.098 781.089 1
1166 0.05 402.267 781.089 1
1167 0.05 390.436 781.089 1
1168 0.05 378.604 781.089 1
1169 0.05 366.773 781.089 1
1170 0.05 354.941 781.089 1
1171 0.05 343.11 781.089 1
1172 0.05 331.279 781.089 1
1173 0.05 319.447 781.089 1
1174 0.05 307.616 781.089 1
1175 0.05 295.784 781.089 1
1176 0.05 283.953 781.089 1
1177 0.05 272.122 781.089 1
1178 0.05 260.29 781.089 1
1179 0.05 248.459 781.089 1
1180 0.05 236.628 732.289 1
1181 0.05 224.796 732.289 1
1182 0.05 212.965 732.289 1
1183 0.05 201.133 732.289 1
1184 0.05 189.302 732.289 1
1185 0.05 177.471 732.289 1
1186 0.05 165.639 732.289 1
1187 0.05 153.808 732.289 1
1188 0.05 141.977 732.289 1
1189 0.05 130.145 732.289 1
1190 0.05 118.314 732.289 1
1191 0.05 106.482 732.289 1
1192 0.05 94.651 732.289 1
1193 0.05 82.8197 732.289 1
1194 0.05 70.9883 732.289 1
1195 0.05 59.1569 732.289 1
1196 0.05 47.3255 732.289 1
1197 0.05 35.4941 732.289 1
1198 0.05 23.6628 732.289 1
1199 0.05 11.8314 732.289 1
1200 -0.05 -0 660.299 1
1201 -0.05 -31.1352 660.299 1
1202 -0.05 -62.2704 660.299 1
1203 -0.05 -93.4056 660.299 1
1204 -0.05 -124.541 660.299 1
1205 -0.05 -155.676 660.299 1
1206 -0.05 -186.811 660.299 1
1207 -0.05 -217.946 660.299 1
1208 -0.05 -249.082 660.299 1
1209 -0.05 -280.217 660.299 1
1210 -0.05 -311.352 660.299 1
1211 -0.05 -342.487 660.299 1
1212 -0.05 -373.623 660.299 1
1213 -0.05 -404.758 660.299 1
1214 -0.05 -435.893 660.299 1
1215 -0.05 -467.028 660.299 1
1216 -0.05 -498.163 660.299 1
1217 -0.05 -529.298 660.299 1
1218 -0.05 -560.433 660.299 1
1219 -0.05 -591.569 660.299 1
1220 -0.05 3.93174e+194 611.499 1
1221 -0.05 -11.8314 611.499 1
1222 -0.05 -1.061e-312 611.499 1
1223 -0.05 -9.66885e-317 611.499 1
1224 -0.05 -9.66905e-317 611.499 1
1225 -0.05 -9.6691e-317 611.499 1
1226 -0.05 -0 611.499 1
1227 -0.05 -0 611.499 1
1228 -0.05 -6.93727e-310 611.499 1
1229 -0.05 -6.93727e-310 611.499 1
1230 -0.05 -9.66954e-317 611.499 1
1231 -0.05 -9.66954e-317 611.499 1
1232 -0.05 -9.66954e-317 611.499 1
1233 -0.05 -0 611.499 1
1234 -0.05 -0 611.499 1
1235 -0.05 -0 611.499 1
1236 -0.05 -6.93727e-310 611.499 1
1237 -0.05 -0 611.499 1
1238 -0.05 -0 611.499 1
1239 -0.05 -0 611.499 1
1240 -0.05 -0 548.699 1
1241 -0.05 -0 548.699 1
1242 -0.05 -9.66135e-317 548.699 1
1243 -0.05 -6.93727e-310 548.699 1
1244 -0.05 -8.39912e-323 548.699 1
1245 -0.05 -0 548.699 1
1246 -0.05 -0 548.699 1
1247 -0.05 -6.93723e-310 548.699 1
1248 -0.05 -9.66954e-317 548.699 1
1249 -0.05 -4.04739e-320 548.699 1
1250 -0.05 -0 548.699 1
1251 -0.05 -31.1352 548.699 1
1252 -0.05 -62.2704 548.699 1
1253 -0.05 -93.4056 548.699 1
1254 -0.05 -124.541 548.699 1
1255 -0.05 -155.676 548.699 1
1256 -0.05 -186.811 548.699 1
1257 -0.05 -217.946 548.699 1
1258 -0.05 -249.082 548.699 1
1259 -0.05 -280.217 548.699 1
1260 -0.05 -311.352 499.899 1
1261 -0.05 -342.487 499.899 1
1262 -0.05 -373.623 499.899 1
1263 -0.05 -404.758 499.899 1
1264 -0.05 -435.893 499.899 1
1265 -0.05 -467.028 499.899 1
1266 -0.05 -498.163 499.899 1
1267 -0.05 -529.298 499.899 1
1268 -0.05 -560.433 499.899 1
1269 -0.05 -591.569 499.899 1
1270 -0.05 3.93174e+194 499.899 1
1271 -0.05 -11.8314 499.899 1
1272 -0.05 -1.061e-312 499.899 1
1273 -0.05 -9.66885e-317 499.899 1
1274 -0.05 -9.66905e-317 499.899 1
1275 -0.05 -9.6691e-317 499.899 1
1276 -0.05 -0 499.899 1
1277 -0.05 -0 499.899 1
1278 -0.05 -6.93727e-310 499.899 1
1279 -0.05 -6.93727e-310 499.899 1
1280 -0.05 -9.66954e-317 427.909 1
1281 -0.05 -9.66954e-317 427.909 1
1282 -0.05 -9.66954e-317 427.909 1
1283 -0.05 -0 427.909 1
1284 -0.05 -0 427.909 1
1285 -0.05 -0 427.909 1
1286 -0.05 -6.93727e-310 427.909 1
1287 -0.05 -0 427.909 1
1288 -0.05 -0 427.909 1
1289 -0.05 -0 427.909 1
1290 -0.05 -0 427.909 1
1291 -0.05 -0 427.909 1
1292 -0.05 -9.66135e-317 427.909 1
1293 -0.05 -6.93727e-310 427.909 1
1294 -0.05 -8.39912e-323 427.909 1
1295 -0.05 -0 427.909 1
1296 -0.05 -0 427.909 1
1297 -0.05 -6.93723e-310 427.909 1
1298 -0.05 -9.66954e-317 427.909 1
1299 -0.05 -4.04739e-320 427.909 1
1300 -0.05 -0 379.109 1
1301 -0.05 -31.1352 379.109 1
1302 -0.05 -62.2704 379.109 1
1303 -0.05 -93.4056 379.109 1
1304 -0.05 -124.541 379.109 1
1305 -0.05 -155.676 379.109 1
1306 -0.05 -186.811 379.109 1
1307 -0.05 -217.946 379.109 1
1308 -0.05 -249.082 379.109 1
1309 -0.05 -280.217 379.109 1
1310 -0.05 -311.352 379.109 1
1311 -0.05 -342.487 379.109 1
1312 -0.05 -373.623 379.109 1
1313 -0.05 -404.758 379.109 1
1314 -0.05 -435.893 379.109 1
1315 -0.05 -467.028 379.109 1
1316 -0.05 -498.163 379.109 1
1317 -0.05 -529.298 379.109 1
1318 -0.05 -560.433 379.109 1
1319 -0.05 -591.569 379.109 1
1320 -0.05 3.93174e+194 316.309 1
1321 -0.05 -11.8314 316.309 1
1322 -0.05 -1.061e-312 316.309 1
1323 -0.05 -9.66885e-317 316.309 1
1324 -0.05 -9.66905e-317 316.309 1
1325 -0.05 -9.6691e-317 316.309 1
1326 -0.05 -0 316.309 1
1327 -0.05 -0 316.309 1
1328 -0.05 -6.93727e-310 316.309 1
1329 -0.05 -6.93727e-310 316.309 1
1330 -0.05 -9.66954e-317 316.309 1
1331 -0.05 -9.66954e-317 316.309 1
1332 -0.05 -9.66954e-317 316.309 1
1333 -0.05 -0 316.309 1
1334 -0.05 -0 316.309 1
1335 -0.05 -0 316.309 1
1336 -0.05 -6.93727e-310 316.309 1
1337 -0.05 -0 316.309 1
1338 -0.05 -0 316.309 1
1339 -0.05 -0 316.309 1
1340 -0.05 -0 267.509 1
1341 -0.05 -0 267.509 1
1342 -0.05 -9.66135e-317 267.509 1
1343 -0.05 -6.93727e-310 267.509 1
1344 -0.05 -8.39912e-323 267.509 1
1345 -0.05 -0 267.509 1
1346 -0.05 -0 267.509 1
1347 -0.05 -6.93723e-310 267.509 1
1348 -0.05 -9.66954e-317 267.509 1
1349 -0.05 -4.04739e-320 267.509 1
1350 -0.05 -0 267.509 1
1351 -0.05 -31.1352 267.509 1
1352 -0.05 -62.2704 267.509 1
1353 -0.05 -93.4056 267.509 1
1354 -0.05 -124.541 267.509 1
1355 -0.05 -155.676 267.509 1
1356 -0.05 -186.811 267.509 1
1357 -0.05 -217.946 267.509 1
1358 -0.05 -249.082 267.509 1
1359 -0.05 -280.217 267.509 1
1360 -0.05 -311.352 195.519 1
1361 -0.05 -342.487 195.519 1
1362 -0.05 -373.623 195.519 1
1363 -0.05 -404.758 195.519 1
1364 -0.05 -435.893 195.519 1
1365 -0.05 -467.028 195.519 1
1366 -0.05 -498.163 195.519 1
1367 -0.05 -529.298 195.519 1
1368 -0.05 -560.433 195.519 1
1369 -0.05 -591.569 195.519 1
1370 -0.05 3.93174e+194 195.519 1
1371 -0.05 -11.8314 195.519 1
1372 -0.05 -1.061e-312 195.519 1
1373 -0.05 -9.66885e-317 195.519 1
1374 -0.05 -9.66905e-317 195.519 1
1375 -0.05 -9.6691e-317 195.519 1
1376 -0.05 -0 195.519 1
1377 -0.05 -0 195.519 1
1378 -0.05 -6.93727e-310 195.519 1
1379 -0.05 -6.93727e-310 195.519 1
1380 -0.05 -9.66954e-317 146.719 1
1381 -0.05 -9.66954e-317 146.719 1
1382 -0.05 -9.66954e-317 146.719 1
1383 -0.05 -0 146.719 1
1384 -0.05 -0 146.719 1
1385 -0.05 -0 146.719 1
1386 -0.05 -6.93727e-310 146.719 1
1387 -0.05 -0 146.719 1
1388 -0.05 -0 146.719 1
1389 -0.05 -0 146.719 1
1390 -0.05 -0 146.719 1
1391 -0.05 -0 146.719 1
1392 -0.05 -9.66135e-317 146.719 1
1393 -0.05 -6.93727e-310 146.719 1
1394 -0.05 -8.39912e-323 146.719 1
1395 -0.05 -0 146.719 1
1396 -0.05 -0 146.719 1
1397 -0.05 -6.93723e-310 146.719 1
1398 -0.05 -9.66954e-317 146.719 1
1399 -0.05 -4.04739e-320 146.719 1
1400 -0.05 -0 83.9188 1
1401 -0.05 -31.1352 83.9188 1
1402 -0.05 -62.2704 83.9188 1
1403 -0.05 -93.4056 83.9188 1
1404 -0.05 -124.541 83.9188 1
1405 -0.05 -155.676 83.9188 1
1406 -0.05 -186.811 83.9188 1
1407 -0.05 -217.946 83.9188 1
1408 -0.05 -249.082 83.9188 1
1409 -0.05 -280.217 83.9188 1
1410 -0.05 -311.352 83.9188 1
1411 -0.05 -342.487 83.9188 1
1412 -0.05 -373.623 83.9188 1
1413 -0.05 -404.758 83.9188 1
1414 -0.05 -435.893 83.9188 1
1415 -0.05 -467.028 83.9188 1
1416 -0.05 -498.163 83.9188 1
1417 -0.05 -529.298 83.9188 1
1418 -0.05 -560.433 83.9188 1
1419 -0.05 -591.569 83.9188 1
1420 -0.05 3.93174e+194 35.1188 1
1421 -0.05 -11.8314 35.1188 1
1422 -0.05 -1.061e-312 35.1188 1
1423 -0.05 -9.66885e-317 35.1188 1
1424 -0.05 -9.66905e-317 35.1188 1
1425 -0.05 -9.6691e-317 35.1188 1
1426 -0.05 -0 35.1188 1
1427 -0.05 -0 35.1188 1
1428 -0.05 -6.93727e-310 35.1188 1
1429 -0.05 -6.93727e-310 35.1188 1
1430 -0.05 -9.66954e-317 35.1188 1
1431 -0.05 -9.66954e-317 35.1188 1
1432 -0.05 -9.66954e-317 35.1188 1
1433 -0.05 -0 35.1188 1
1434 -0.05 -0 35.1188 1
1435 -0.05 -0 35.1188 1
1436 -0.05 -6.93727e-310 35.1188 1
1437 -0.05 -0 35.1188 1
1438 -0.05 -0 35.1188 1
1439 -0.05 -0 35.1188 1
1440 -0.05 -0 1357.47 1
1441 -0.05 -0 1357.47 1
1442 -0.05 -9.66135e-317 1357.47 1
1443 -0.05 -6.93727e-310 1357.47 1
1444 -0.05 -8.39912e-323 1357.47 1
1445 -0.05 -0 1357.47 1
1446 -0.05 -0 1357.47 1
1447 -0.05 -6.93723e-310 1357.47 1
1448 -0.05 -9.66954e-317 1357.47 1
1449 -0.05 -4.04739e-320 1357.47 1
1450 -0.05 -0 1357.47 1
1451 -0.05 -31.1352 1357.47 1
1452 -0.05 -62.2704 1357.47 1
1453 -0.05 -93.4056 1357.47 1
1454 -0.05 -124.541 1357.47 1
1455 -0.05 -155.676 1357.47 1
1456 -0.05 -186.811 1357.47 1
1457 -0.05 -217.946 1357.47 1
1458 -0.05 -249.082 1357.47 1
1459 -0.05 -280.217 1357.47 1
1460 -0.05 -311.352 1308.67 1
1461 -0.05 -342.487 1308.67 1
1462 -0.05 -373.623 1308.67 1
1463 -0.05 -404.758 1308.67 1
1464 -0.05 -435.893 1308.67 1
1465 -0.05 -467.028 1308.67 1
1466 -0.05 -498.163 1308.67 1
1467 -0.05 -529.298 1308.67 1
1468 -0.05 -560.433 1308.67 1
1469 -0.05 -591.569 1308.67 1
1470 -0.05 3.93174e+194 1308.67 1
1471 -0.05 -11.8314 1308.67 1
1472 -0.05 -1.061e-312 1308.67 1
1473 -0.05 -9.66885e-317 1308.67 1
1474 -0.05 -9.66905e-317 1308.67 1
1475 -0.05 -9.6691e-317 1308.67 1
1476 -0.05 -0 1308.67 1
1477 -0.05 -0 1308.67 1
1478 -0.05 -6.93727e-310 1308.67 1
1479 -0.05 -6.93727e-310 1308.67 1
1480 -0.05 -9.66954e-317 1245.87 1
1481 -0.05 -9.66954e-317 1245.87 1
1482 -0.05 -9.66954e-317 1245.87 1
1483 -0.05 -0 1245.87 1
1484 -0.05 -0 1245.87 1
1485 -0.05 -0 1245.87 1
1486 -0.05 -6.93727e-310 1245.87 1
1487 -0.05 -0 1245.87 1
1488 -0.05 -0 1245.87 1
1489 -0.05 -0 1245.87 1
1490 -0.05 -0 1245.87 1
1491 -0.05 -0 1245.87 1
1492 -0.05 -9.66135e-317 1245.87 1
1493 -0.05 -6.93727e-310 1245.87 1
1494 -0.05 -8.39912e-323 1245.87 1
1495 -0.05 -0 1245.87 1
1496 -0.05 -0 1245.87 1
1497 -0.05 -6.93723e-310 1245.87 1
1498 -0.05 -9.66954e-317 1245.87 1
1499 -0.05 -4.04739e-320 1245.87 1
1500 -0.05 -0 1197.07 1
1501 -0.05 -31.1352 1197.07 1
1502 -0.05 -62.2704 1197.07 1
1503 -0.05 -93.4056 1197.07 1
1504 -0.05 -124.541 1197.07 1
1505 -0.05 -155.676 1197.07 1
1506 -0.05 -186.811 1197.07 1
1507 -0.05 -217.946 1197.07 1
1508 -0.05 -249.082 1197.07 1
1509 -0.05 -280.217 1197.07 1
1510 -0.05 -311.352 1197.07 1
1511 -0.05 -342.487 1197.07 1
1512 -0.05 -373.623 1197.07 1
1513 -0.05 -404.758 1197.07 1
1514 -0.05 -435.893 1197.07 1
1515 -0.05 -467.028 1197.07 1
1516 -0.05 -498.163 1197.07 1
1517 -0.05 -529.298 1197.07 1
1518 -0.05 -560.433 1197.07 1
1519 -0.05 -591.569 1197.07 1
1520 -0.05 3.93174e+194 1125.08 1
1521 -0.05 -11.8314 1125.08 1
1522 -0.05 -1.061e-312 1125.08 1
1523 -0.05 -9.66885e-317 1125.08 1
1524 -0.05 -9.66905e-317 1125.08 1
1525 -0.05 -9.6691e-317 1125.08 1
1526 -0.05 -0 1125.08 1
1527 -0.05 -0 1125.08 1
1528 -0.05 -6.93727e-310 1125.08 1
1529 -0.05 -6.93727e-310 1125.08 1
1530 -0.05 -9.66954e-317 1125.08 1
1531 -0.05 -9.66954e-317 1125.08 1
1532 -0.05 -9.66954e-317 1125.08 1
1533 -0.05 -0 1125.08 1
1534 -0.05 -0 1125.08 1
1535 -0.05 -0 1125.08 1
1536 -0.05 -6.93727e-310 1125.08 1
1537 -0.05 -0 1125.08 1
1538 -0.05 -0 1125.08 1
1539 -0.05 -0 1125.08 1
1540 -0.05 -0 1076.28 1
1541 -0.05 -0 1076.28 1
1542 -0.05 -9.66135e-317 1076.28 1
1543 -0.05 -6.93727e-310 1076.28 1
1544 -0.05 -8.39912e-323 1076.28 1
1545 -0.05 -0 1076.28 1
1546 -0.05 -0 1076.28 1
1547 -0.05 -6.93723e-310 1076.28 1
1548 -0.05 -9.66954e-317 1076.28 1
1549 -0.05 -4.04739e-320 1076.28 1
1550 -0.05 -0 1076.28 1
1551 -0.05 -31.1352 1076.28 1
1552 -0.05 -62.2704 1076.28 1
1553 -0.05 -93.4056 1076.28 1
1554 -0.05 -124.541 1076.28 1
1555 -0.05 -155.676 1076.28 1
1556 -0.05 -186.811 1076.28 1
1557 -0.05 -217.946 1076.28 1
1558 -0.05 -249.082 1076.28 1
1559 -0.05 -280.217 1076.28 1
1560 -0.05 -311.352 1013.48 1
1561 -0.05 -342.487 1013.48 1
1562 -0.05 -373.623 1013.48 1
1563 -0.05 -404.758 1013.48 1
1564 -0.05 -435.893 1013.48 1
1565 -0.05 -467.028 1013.48 1
1566 -0.05 -498.163 1013.48 1
1567 -0.05 -529.298 1013.48 1
1568 -0.05 -560.433 1013.48 1
1569 -0.05 -591.569 1013.48 1
1570 -0.05 3.93174e+194 1013.48 1
1571 -0.05 -11.8314 1013.48 1
1572 -0.05 -1.061e-312 1013.48 1
1573 -0.05 -9.66885e-317 1013.48 1
1574 -0.05 -9.66905e-317 1013.48 1
1575 -0.05 -9.6691e-317 1013.48 1
1576 -0.05 -0 1013.48 1
1577 -0.05 -0 1013.48 1
1578 -0.05 -6.93727e-310 1013.48 1
1579 -0.05 -6.93727e-310 1013.48 1
1580 -0.05 -9.66954e-317 964.679 1
1581 -0.05 -9.66954e-317 964.679 1
1582 -0.05 -9.66954e-317 964.679 1
1583 -0.05 -0 964.679 1
1584 -0.05 -0 964.679 1
1585 -0.05 -0 964.679 1
1586 -0.05 -6.93727e-310 964.679 1
1587 -0.05 -0 964.679 1
1588 -0.05 -0 964.679 1
1589 -0.05 -0 964.679 1
1590 -0.05 -0 964.679 1
1591 -0.05 -0 964.679 1
1592 -0.05 -9.66135e-317 964.679 1
1593 -0.05 -6.93727e-310 964.679 1
1594 -0.05 -8.39912e-323 964.679 1
1595 -0.05 -0 964.679 1
1596 -0.05 -0 964.679 1
1597 -0.05 -6.93723e-310 964.679 1
1598 -0.05 -9.66954e-317 964.679 1
1599 -0.05 -4.04739e-320 964.679 1
1600 -0.05 -0 892.689 1
1601 -0.05 -31.1352 892.689 1
1602 -0.05 -62.2704 892.689 1
1603 -0.05 -93.4056 892.689 1
1604 -0.05 -124.541 892.689 1
1605 -0.05 -155.676 892.689 1
1606 -0.05 -186.811 892.689 1
1607 -0.05 -217.946 892.689 1
1608 -0.05 -249.082 892.689 1
1609 -0.05 -280.217 892.689 1
1610 -0.05 -311.352 892.689 1
1611 -0.05 -342.487 892.689 1
1612 -0.05 -373.623 892.689 1
1613 -0.05 -404.758 892.689 1
1614 -0.05 -435.893 892.689 1
1615 -0.05 -467.028 892.689 1
1616 -0.05 -498.163 892.689 1
1617 -0.05 -529.298 892.689 1
1618 -0.05 -560.433 892.689 1
1619 -0.05 -591.569 892.689 1
1620 -0.05 3.93174e+194 843.889 1
1621 -0.05 -11.8314 843.889 1
1622 -0.05 -1.061e-312 843.889 1
1623 -0.05 -9.66885e-317 843.889 1
1624 -0.05 -9.66905e-317 843.889 1
1625 -0.05 -9.6691e-317 843.889 1
1626 -0.05 -0 843.889 1
1627 -0.05 -0 843.889 1
1628 -0.05 -6.93727e-310 843.889 1
1629 -0.05 -6.93727e-310 843.889 1
1630 -0.05 -9.66954e-317 843.889 1
1631 -0.05 -9.66954e-317 843.889 1
1632 -0.05 -9.66954e-317 843.889 1
1633 -0.05 -0 843.889 1
1634 -0.05 -0 843.889 1
1635 -0.05 -0 843.889 1
1636 -0.05 -6.93727e-310 843.889 1
1637 -0.05 -0 843.889 1
1638 -0.05 -0 843.889 1
1639 -0.05 -0 843.889 1
1640 -0.05 -0 781.089 1
1641 -0.05 -0 781.089 1
1642 -0.05 -9.66135e-317 781.089 1
1643 -0.05 -6.93727e-310 781.089 1
1644 -0.05 -8.39912e-323 781.089 1
1645 -0.05 -0 781.089 1
1646 -0.05 -0 781.089 1
1647 -0.05 -6.93723e-310 781.089 1
1648 -0.05 -9.66954e-317 781.089 1
1649 -0.05 -4.04739e-320 781.089 1
1650 -0.05 -0 781.089 1
1651 -0.05 -31.1352 781.089 1
1652 -0.05 -62.2704 781.089 1
1653 -0.05 -93.4056 781.089 1
1654 -0.05 -124.541 781.089 1
1655 -0.05 -155.676 781.089 1
1656 -0.05 -186.811 781.089 1
1657 -0.05 -217.946 781.089 1
1658 -0.05 -249.082 781.089 1
1659 -0.05 -280.217 781.089 1
1660 -0.05 -311.352 732.289 1
1661 -0.05 -342.487 732.289 1
1662 -0.05 -373.623 732.289 1
1663 -0.05 -404.758 732.289 1
1664 -0.05 -435.893 732.289 1
1665 -0.05 -467.028 732.289 1
1666 -0.05 -498.163 732.289 1
1667 -0.05 -529.298 732.289 1
1668 -0.05 -560.433 732.289 1
1669 -0.05 -591.569 732.289 1
1670 -0.05 3.93174e+194 732.289 1
1671 -0.05 -11.8314 732.289 1
1672 -0.05 -1.061e-312 732.289 1
1673 -0.05 -9.66885e-317 732.289 1
1674 -0.05 -9.66905e-317 732.289 1
1675 -0.05 -9.6691e-317 732.289 1
1676 -0.05 -0 732.289 1
1677 -0.05 -0 732.289 1
1678 -0.05 -6.93727e-310 732.289 1
1679 -0.05 -6.93727e-310 732.289 1
1680 -0.05 -9.66954e-317 0 1
1681 -0.05 -9.66954e-317 6.42285e-323 1
1682 -0.05 -9.66954e-317 9.08021e-317 1
1683 -0.05 -0 0 1
1684 -0.05 -0 -nan 1
1685 -0.05 -0 9.08026e-317 1
1686 -0.05 -6.93727e-310 8.69941e-317 1
1687 -0.05 -0 9.08028e-317 1
1688 -0.05 -0 9.08028e-317 1
1689 -0.05 -0 2.122e-314 1
1690 -0.05 -0 0 1
1691 -0.05 -0 8.69941e-317 1
1692 -0.05 -9.66135e-317 6.25688e-317 1
1693 -0.05 -6.93727e-310 5.43472e-323 1
1694 -0.05 -8.39912e-323 4.94066e-324 1
1695 -0.05 -0 2.122e-314 1
1696 -0.05 -0 0 1
1697 -0.05 -6.93723e-310 0 1
1698 -0.05 -9.66954e-317 6.93727e-310 1
1699 -0.05 -4.04739e-320 8.32917e-317 1
1700 -0.05 -0 9.08033e-317 1
1701 -0.05 -31.1352 9.08033e-317 1
1702 -0.05 -62.2704 2.122e-314 1
1703 -0.05 -93.4056 0 1
1704 -0.05 -124.541 8.32917e-317 1
1705 -0.05 -155.676 0 1
1706 -0.05 -186.811 6.42285e-323 1
1707 -0.05 -217.946 9.08031e-317 1
1708 -0.05 -249.082 0 1
1709 -0.05 -280.217 -nan 1
1710 -0.05 -311.352 9.08036e-317 1
1711 -0.05 -342.487 9.08036e-317 1
1712 -0.05 -373.623 9.10662e-317 1
1713 -0.05 -404.758 9.08039e-317 1
1714 -0.05 -435.893 9.08039e-317 1
1715 -0.05 -467.028 2.122e-314 1
1716 -0.05 -498.163 6.36599e-314 1
1717 -0.05 -529.298 9.10662e-317 1
1718 -0.05 -560.433 5.43472e-323 1
1719 -0.05 -591.569 4.94066e-324 1
1720 -0.05 3.93174e+194 2.122e-314 1
1721 -0.05 -11.8314 0 1
1722 -0.05 -1.061e-312 0 1
1723 -0.05 -9.66885e-317 6.93727e-310 1
1724 -0.05 -9.66905e-317 9.07772e-317 1
1725 -0.05 -9.6691e-317 -nan 1
1726 -0.05 -0 4.94066e-324 1
1727 -0.05 -0 0 1
1728 -0.05 -6.93727e-310 0 1
1729 -0.05 -6.93727e-310 0 1
1730 -0.05 -9.66954e-317 0 1
1731 -0.05 -9.66954e-317 6.42285e-323 1
1732 -0.05 -9.66954e-317 9.08041e-317 1
1733 -0.05 -0 0 1
1734 -0.05 -0 -nan 1
1735 -0.05 -0 9.08046e-317 1
1736 -0.05 -6.93727e-310 9.08046e-317 1
1737 -0.05 -0 9.08047e-317 1
1738 -0.05 -0 8.01563e-317 1
1739 -0.05 -0 9.08049e-317 1
1740 -0.05 -0 9.08049e-317 1
1741 -0.05 -0 2.122e-314 1
1742 -0.05 -9.66135e-317 0 1
1743 -0.05 -6.93727e-310 8.01563e-317 1
1744 -0.05 -8.39912e-323 1.01856e-312 1
1745 -0.05 -0 4.24399e-314 1
1746 -0.05 -0 0 1
1747 -0.05 -6.93723e-310 0 1
1748 -0.05 -9.66954e-317 6.93727e-310 1
1749 -0.05 -4.04739e-320 9.07778e-317 1
1750 -0.05 -0 0 1
1751 -0.05 -31.1352 -nan 1
1752 -0.05 -62.2704 0 1
1753 -0.05 -93.4056 0 1
1754 -0.05 -124.541 0 1
1755 -0.05 -155.676 0 1
1756 -0.05 -186.811 6.42285e-323 1
1757 -0.05 -217.946 9.08051e-317 1
1758 -0.05 -249.082 0 1
1759 -0.05 -280.217 -nan 1
1760 -0.05 -311.352 9.08056e-317 1
1761 -0.05 -342.487 9.08056e-317 1
1762 -0.05 -373.623 9.08057e-317 1
1763 -0.05 -404.758 2.122e-314 1
1764 -0.05 -435.893 8.47466e-317 1
1765 -0.05 -467.028 9.08059e-317 1
1766 -0.05 -498.163 9.08059e-317 1
1767 -0.05 -529.298 2.122e-314 1
1768 -0.05 -560.433 0 1
1769 -0.05 -591.569 8.47466e-317 1
1770 -0.05 3.93174e+194 2.122e-314 1
1771 -0.05 -11.8314 0 1
1772 -0.05 -1.061e-312 0 1
1773 -0.05 -9.66885e-317 6.93727e-310 1
1774 -0.05 -9.66905e-317 9.07783e-317 1
1775 -0.05 -9.6691e-317 0 1
1776 -0.05 -0 4.94066e-324 1
1777 -0.05 -0 8.67788e-317 1
1778 -0.05 -6.93727e-310 9.08064e-317 1
1779 -0.05 -6.93727e-310 9.08064e-317 1
1780 -0.05 -9.66954e-317 2.122e-314 1
1781 -0.05 -9.66954e-317 0 1
1782 -0.05 -9.66954e-317 8.67788e-317 1
1783 -0.05 -0 0 1
1784 -0.05 -0 -nan 1
1785 -0.05 -0 9.08065e-317 1
1786 -0.05 -6.93727e-310 9.08065e-317 1
1787 -0.05 -0 9.08067e-317 1
1788 -0.05 -0 2.122e-314 1
1789 -0.05 -0 0 1
1790 -0.05 -0 7.82263e-317 1
1791 -0.05 -0 9.08069e-317 1
1792 -0.05 -9.66135e-317 9.08069e-317 1
1793 -0.05 -6.93727e-310 6.36599e-314 1
1794 -0.05 -8.39912e-323 0 1
1795 -0.05 -0 7.82263e-317 1
1796 -0.05 -0 7.82308e-317 1
1797 -0.05 -6.93723e-310 8.32841e-317 1
1798 -0.05 -9.66954e-317 6.93727e-310 1
1799 -0.05 -4.04739e-320 9.07789e-317 1
1800 -0.05 -0 0 1
1801 -0.05 -31.1352 4.94066e-324 1
1802 -0.05 -62.2704 0 1
1803 -0.05 -93.4056 8.88885e-317 1
1804 -0.05 -124.541 9.08074e-317 1
1805 -0.05 -155.676 9.08074e-317 1
1806 -0.05 -186.811 4.24399e-314 1
1807 -0.05 -217.946 0 1
1808 -0.05 -249.082 8.88885e-317 1
1809 -0.05 -280.217 8.67472e-317 1
1810 -0.05 -311.352 9.08075e-317 1
1811 -0.05 -342.487 9.08075e-317 1
1812 -0.05 -373.623 9.08077e-317 1
1813 -0.05 -404.758 2.122e-314 1
1814 -0.05 -435.893 7.17779e-320 1
1815 -0.05 -467.028 1.79445e-320 1
1816 -0.05 -498.163 9.08437e-317 1
1817 -0.05 -529.298 6.93723e-310 1
1818 -0.05 -560.433 9.08079e-317 1
1819 -0.05 -591.569 1.35808e-312 1
1820 -0.05 3.93174e+194 8.39912e-323 1
1821 -0.05 -11.8314 1.28457e-322 1
1822 -0.05 -1.061e-312 4.94066e-324 1
1823 -0.05 -9.66885e-317 0 1
1824 -0.05 -9.66905e-317 0 1
1825 -0.05 -9.6691e-317 1.09046e-314 1
1826 -0.05 -0 9.6668e-317 1
1827 -0.05 -0 8.39912e-323 1
1828 -0.05 -6.93727e-310 9.98013e-322 1
1829 -0.05 -6.93727e-310 4.94066e-324 1
1830 -0.05 -9.66954e-317 0 1
1831 -0.05 -9.66954e-317 0 1
1832 -0.05 -9.66954e-317 1.09046e-314 1
1833 -0.05 -0 9.6668e-317 1
1834 -0.05 -0 8.39912e-323 1
1835 -0.05 -0 1.14129e-321 1
1836 -0.05 -6.93727e-310 4.94066e-324 1
1837 -0.05 -0 0 1
1838 -0.05 -0 0 1
1839 -0.05 -0 1.09046e-314 1
1840 -0.05 -0 9.6668e-317 1
1841 -0.05 -0 4.59481e-322 1
1842 -0.05 -9.66135e-317 1.57706e-320 1
1843 -0.05 -6.93727e-310 1.18576e-322 1
1844 -0.05 -8.39912e-323 0 1
1845 -0.05 -0 0 1
1846 -0.05 -0 9.68957e-317 1
1847 -0.05 -6.93723e-310 6.95308e-310 1
1848 -0.05 -9.66954e-317 0 1
1849 -0.05 -4.04739e-320 0 1
1850 -0.05 -0 0 1
1851 -0.05 -31.1352 0 1
1852 -0.05 -62.2704 0 1
1853 -0.05 -93.4056 0 1
1854 -0.05 -124.541 0 1
1855 -0.05 -155.676 -nan 1
1856 -0.05 -186.811 0 1
1857 -0.05 -217.946 0 1
1858 -0.05 -249.082 0 1
1859 -0.05 -280.217 0 1
1860 -0.05 -311.352 0 1
1861 -0.05 -342.487 1.1907e-321 1
1862 -0.05 -373.623 8.01534e-317 1
1863 -0.05 -404.758 9.08111e-317 1
1864 -0.05 -435.893 4.94066e-324 1
1865 -0.05 -467.028 9.07922e-317 1
1866 -0.05 -498.163 0 1
1867 -0.05 -529.298 -nan 1
1868 -0.05 -560.433 8.47316e-317 1
1869 -0.05 -591.569 9.081e-317 1
1870 -0.05 3.93174e+194 9.081e-317 1
1871 -0.05 -11.8314 2.122e-314 1
1872 -0.05 -1.061e-312 0 1
1873 -0.05 -9.66885e-317 8.47316e-317 1
1874 -0.05 -9.66905e-317 0 1
1875 -0.05 -9.6691e-317 0 1
1876 -0.05 -0 9.08102e-317 1
1877 -0.05 -0 8.48798e-314 1
1878 -0.05 -6.93727e-310 0 1
1879 -0.05 -6.93727e-310 0 1
1880 -0.05 -9.66954e-317 0 1
1881 -0.05 -9.66954e-317 9.04025e-317 1
1882 -0.05 -9.66954e-317 9.08105e-317 1
1883 -0.05 -0 9.08105e-317 1
1884 -0.05 -0 2.122e-314 1
1885 -0.05 -0 0 1
1886 -0.05 -6.93727e-310 9.04025e-317 1
1887 -0.05 -0 0 1
1888 -0.05 -0 0 1
1889 -0.05 -0 0 1
1890 -0.05 -0 7.47818e-320 1
1891 -0.05 -0 3.95253e-322 1
1892 -0.05 -9.66135e-317 6.25697e-317 1
1893 -0.05 -6.93727e-310 9.10614e-317 1
1894 -0.05 -8.39912e-323 8.3294e-317 1
1895 -0.05 -0 9.0811e-317 1
1896 -0.05 -0 9.0811e-317 1
1897 -0.05 -6.93723e-310 4.24399e-314 1
1898 -0.05 -9.66954e-317 0 1
1899 -0.05 -4.04739e-320 7.96454e-317 1
1900 -0.05 -0 8.3294e-317 1
1901 -0.05 -31.1352 6.56169e-320 1
1902 -0.05 -62.2704 9.09776e-317 1
1903 -0.05 -93.4056 6.93727e-310 1
1904 -0.05 -124.541 0 1
1905 -0.05 -155.676 0 1
1906 -0.05 -186.811 0 1
1907 -0.05 -217.946 8.6132e-317 1
1908 -0.05 -249.082 9.08116e-317 1
1909 -0.05 -280.217 9.08116e-317 1
1910 -0.05 -311.352 2.122e-314 1
1911 -0.05 -342.487 6.79039e-313 1
1912 -0.05 -373.623 8.6132e-317 1
1913 -0.05 -404.758 0 1
1914 -0.05 -435.893 0 1
1915 -0.05 -467.028 0 1
1916 -0.05 -498.163 9.08118e-317 1
1917 -0.05 -529.298 8.48798e-314 1
1918 -0.05 -560.433 0 1
1919 -0.05 -591.569 0 1
1920 -0.05 3.93174e+194 8.74272e-317 1
1921 -0.05 -11.8314 9.08121e-317 1
1922 -0.05 -1.061e-312 9.08121e-317 1
1923 -0.05 -9.66885e-317 2.122e-314 1
1924 -0.05 -9.66905e-317 0 1
1925 -0.05 -9.6691e-317 8.74272e-317 1
1926 -0.05 -0 0 1
1927 -0.05 -0 0 1
1928 -0.05 -6.93727e-310 0 1
1929 -0.05 -6.93727e-310 0 1
1930 -0.05 -9.66954e-317 1.18576e-321 1
1931 -0.05 -9.66954e-317 2.37152e-322 1
1932 -0.05 -9.66954e-317 8.01514e-317 1
1933 -0.05 -0 8.83151e-317 1
1934 -0.05 -0 9.08126e-317 1
1935 -0.05 -0 9.08126e-317 1
1936 -0.05 -6.93727e-310 2.122e-314 1
1937 -0.05 -0 0 1
1938 -0.05 -0 8.83151e-317 1
1939 -0.05 -0 9.08108e-317 1
1940 -0.05 -0 9.10021e-317 1
1941 -0.05 -0 0 1
1942 -0.05 -9.66135e-317 9.08125e-317 1
1943 -0.05 -6.93727e-310 6.93727e-310 1
1944 -0.05 -8.39912e-323 0 1
1945 -0.05 -0 2.122e-314 1
1946 -0.05 -0 -nan 1
1947 -0.05 -6.93723e-310 6.37987e-320 1
1948 -0.05 -9.66954e-317 8.01514e-317 1
1949 -0.05 -4.04739e-320 9.08771e-317 1
1950 -0.05 -0 0 1
1951 -0.05 -31.1352 0 1
1952 -0.05 -62.2704 0 1
1953 -0.05 -93.4056 -nan 1
1954 -0.05 -124.541 0 1
1955 -0.05 -155.676 0 1
1956 -0.05 -186.811 9.08134e-317 1
1957 -0.05 -217.946 6.79039e-313 1
1958 -0.05 -249.082 0 1
1959 -0.05 -280.217 -nan 1
1960 -0.05 -311.352 0 1
1961 -0.05 -342.487 0 1
1962 -0.05 -373.623 9.08136e-317 1
1963 -0.05 -404.758 8.48798e-314 1
1964 -0.05 -435.893 0 1
1965 -0.05 -467.028 0 1
1966 -0.05 -498.163 0 1
1967 -0.05 -529.298 0 1
1968 -0.05 -560.433 0 1
1969 -0.05 -591.569 0 1
1970 -0.05 3.93174e+194 0 1
1971 -0.05 -11.8314 0 1
1972 -0.05 -1.061e-312 -nan 1
1973 -0.05 -9.66885e-317 0 1
1974 -0.05 -9.66905e-317 0 1
1975 -0.05 -9.6691e-317 0 1
1976 -0.05 -0 1.18576e-321 1
1977 -0.05 -0 2.37152e-322 1
1978 -0.05 -6.93727e-310 9.08254e-317 1
1979 -0.05 -6.93727e-310 5.92879e-323 1
1980 -0.05 -9.66954e-317 2.122e-314 1
1981 -0.05 -9.66954e-317 4.71519e+180 1
1982 -0.05 -9.66954e-317 1.42291e-321 1
1983 -0.05 -0 3.95253e-322 1
1984 -0.05 -0 9.08256e-317 1
1985 -0.05 -0 8.4737e-317 1
1986 -0.05 -6.93727e-310 9.08146e-317 1
1987 -0.05 -0 9.08146e-317 1
1988 -0.05 -0 6.36599e-314 1
1989 -0.05 -0 6.93723e-310 1
1990 -0.05 -0 8.4737e-317 1
1991 -0.05 -0 5.55749e-317 1
1992 -0.05 -9.66135e-317 8.67668e-317 1
1993 -0.05 -6.93727e-310 1.42785e-321 1
1994 -0.05 -8.39912e-323 9.08202e-317 1
1995 -0.05 -0 9.08165e-317 1
1996 -0.05 -0 4.94066e-324 1
1997 -0.05 -6.93723e-310 9.07952e-317 1
1998 -0.05 -9.66954e-317 8.5539e-317 1
1999 -0.05 -4.04739e-320 9.08152e-317 1
2000 -0.05 -0 9.08152e-317 1
2001 -0.05 -31.1352 2.122e-314 1
2002 -0.05 -62.2704 0 1
2003 -0.05 -93.4056 8.5539e-317 1
2004 -0.05 -124.541 0 1
2005 -0.05 -155.676 0 1
2006 -0.05 -186.811 0 1
2007 -0.05 -217.946 0 1
2008 -0.05 -249.082 9.08154e-317 1
2009 -0.05 -280.217 8.48798e-314 1
2010 -0.05 -311.352 0 1
2011 -0.05 -342.487 8.74328e-317 1
2012 -0.05 -373.623 9.08157e-317 1
2013 -0.05 -404.758 9.08157e-317 1
2014 -0.05 -435.893 2.122e-314 1
2015 -0.05 -467.028 0 1
2016 -0.05 -498.163 8.74328e-317 1
2017 -0.05 -529.298 0 1
2018 -0.05 -560.433 0 1
2019 -0.05 -591.569 0 1
2020 -0.05 3.93174e+194 0 1
2021 -0.05 -11.8314 0 1
2022 -0.05 -1.061e-312 1.18576e-321 1
2023 -0.05 -9.66885e-317 2.37152e-322 1
2024 -0.05 -9.66905e-317 -nan 1
2025 -0.05 -9.6691e-317 5.92879e-323 1
2026 -0.05 -0 2.122e-314 1
2027 -0.05 -0 2.80777e-85 1
2028 -0.05 -6.93727e-310 3.24107e-321 1
2029 -0.05 -6.93727e-310 3.95253e-322 1
2030 -0.05 -9.66954e-317 9.0818e-317 1
2031 -0.05 -9.66954e-317 9.08217e-317 1
2032 -0.05 -9.66954e-317 0 1
2033 -0.05 -0 0 1
2034 -0.05 -0 9.08161e-317 1
2035 -0.05 -0 6.93727e-310 1
2036 -0.05 -6.93727e-310 0 1
2037 -0.05 -0 8.61432e-317 1
2038 -0.05 -0 9.08167e-317 1
2039 -0.05 -0 9.08167e-317 1
2040 -0.05 -0 2.122e-314 1
2041 -0.05 -0 0 1
2042 -0.05 -9.66135e-317 8.61432e-317 1
2043 -0.05 -6.93727e-310 9.07962e-317 1
2044 -0.05 -8.39912e-323 0 1
2045 -0.05 -0 -nan 1
2046 -0.05 -0 0 1
2047 -0.05 -6.93723e-310 0 1
2048 -0.05 -9.66954e-317 9.0817e-317 1
2049 -0.05 -4.04739e-320 6.79039e-313 1
2050 -0.05 -0 7.92405e-317 1
2051 -0.05 -31.1352 9.08172e-317 1
2052 -0.05 -62.2704 9.08172e-317 1
2053 -0.05 -93.4056 2.122e-314 1
2054 -0.05 -124.541 0 1
2055 -0.05 -155.676 7.92405e-317 1
2056 -0.05 -186.811 0 1
2057 -0.05 -217.946 0 1
2058 -0.05 -249.082 0 1
2059 -0.05 -280.217 0 1
2060 -0.05 -311.352 0 1
2061 -0.05 -342.487 0 1
2062 -0.05 -373.623 0 1
2063 -0.05 -404.758 -nan 1
2064 -0.05 -435.893 0 1
2065 -0.05 -467.028 0 1
2066 -0.05 -498.163 0 1
2067 -0.05 -529.298 0 1
2068 -0.05 -560.433 1.18576e-321 1
2069 -0.05 -591.569 2.37152e-322 1
2070 -0.05 3.93174e+194 9.09583e-317 1
2071 -0.05 -11.8314 5.92879e-323 1
2072 -0.05 -1.061e-312 2.122e-314 1
2073 -0.05 -9.66885e-317 2.80777e-85 1
2074 -0.05 -9.66905e-317 5.05923e-321 1
2075 -0.05 -9.6691e-317 3.95253e-322 1
2076 -0.05 -0 -nan 1
2077 -0.05 -0 9.10614e-317 1
2078 -0.05 -6.93727e-310 9.08217e-317 1
2079 -0.05 -6.93727e-310 9.09586e-317 1
2080 -0.05 -9.66954e-317 9.08179e-317 1
2081 -0.05 -9.66954e-317 6.93727e-310 1
2082 -0.05 -9.66954e-317 0 1
2083 -0.05 -0 2.122e-314 1
2084 -0.05 -0 9.07972e-317 1
2085 -0.05 -0 5.83442e-320 1
2086 -0.05 -6.93727e-310 8.01514e-317 1
2087 -0.05 -0 6.93727e-310 1
2088 -0.05 -0 0 1
2089 -0.05 -0 7.51242e-317 1
2090 -0.05 -0 9.08188e-317 1
2091 -0.05 -0 9.08188e-317 1
2092 -0.05 -9.66135e-317 2.122e-314 1
2093 -0.05 -6.93727e-310 0 1
2094 -0.05 -8.39912e-323 7.51242e-317 1
2095 -0.05 -0 6.79039e-313 1
2096 -0.05 -0 0 1
2097 -0.05 -6.93723e-310 0 1
2098 -0.05 -9.66954e-317 0 1
2099 -0.05 -4.04739e-320 0 1
2100 -0.05 -0 9.08191e-317 1
2101 -0.05 -31.1352 8.48798e-314 1
2102 -0.05 -62.2704 -nan 1
2103 -0.05 -93.4056 0 1
2104 -0.05 -124.541 0 1
2105 -0.05 -155.676 0 1
2106 -0.05 -186.811 0 1
2107 -0.05 -217.946 0 1
2108 -0.05 -249.082 0 1
2109 -0.05 -280.217 0 1
2110 -0.05 -311.352 0 1
2111 -0.05 -342.487 0 1
2112 -0.05 -373.623 0 1
2113 -0.05 -404.758 0 1
2114 -0.05 -435.893 1.18576e-321 1
2115 -0.05 -467.028 -nan 1
2116 -0.05 -498.163 9.08214e-317 1
2117 -0.05 -529.298 6.42285e-323 1
2118 -0.05 -560.433 2.122e-314 1
2119 -0.05 -591.569 2.80777e-85 1
2120 -0.05 3.93174e+194 1.42291e-321 1
2121 -0.05 -11.8314 3.95253e-322 1
2122 -0.05 -1.061e-312 9.08216e-317 1
2123 -0.05 -9.66885e-317 9.08217e-317 1
2124 -0.05 -9.66905e-317 0 1
2125 -0.05 -9.6691e-317 0 1
2126 -0.05 -0 9.08197e-317 1
2127 -0.05 -0 6.93727e-310 1
2128 -0.05 -6.93727e-310 0 1
2129 -0.05 -6.93727e-310 4.18227e-320 1
2130 -0.05 -9.66954e-317 9.67738e-317 1
2131 -0.05 -9.66954e-317 9.3025e-317 1
2132 -0.05 -9.66954e-317 0 1
2133 -0.05 -0 0 1
2134 -0.05 -0 0 1
2135 -0.05 -0 9.56976e-315 1
2136 -0.05 -6.93727e-310 9.08203e-317 1
2137 -0.05 -0 8.38766e-317 1
2138 -0.05 -0 8.69806e-311 1
2139 -0.05 -0 0 1
2140 -0.05 -0 0 1
2141 -0.05 -0 0 1
2142 -0.05 -9.66135e-317 2.47033e-323 1
2143 -0.05 -6.93727e-310 9.08209e-317 1
2144 -0.05 -8.39912e-323 2.47149e-312 1
2145 -0.05 -0 2.47033e-323 1
2146 -0.05 -0 9.08208e-317 1
2147 -0.05 -6.93723e-310 2.47149e-312 1
2148 -0.05 -9.66954e-317 9.08208e-317 1
2149 -0.05 -4.04739e-320 8.48433e-317 1
2150 -0.05 -0 8.69806e-311 1
2151 -0.05 -31.1352 5.43472e-323 1
2152 -0.05 -62.2704 0 1
2153 -0.05 -93.4056 0 1
2154 -0.05 -124.541 2.47033e-323 1
2155 -0.05 -155.676 9.08214e-317 1
2156 -0.05 -186.811 2.06798e-312 1
2157 -0.05 -217.946 2.47033e-323 1
2158 -0.05 -249.082 0 1
2159 -0.05 -280.217 2.06798e-312 1
2160 -0.05 -311.352 9.08212e-317 1
2161 -0.05 -342.487 8.48452e-317 1
2162 -0.05 -373.623 8.69807e-311 1
2163 -0.05 -404.758 0 1
2164 -0.05 -435.893 0 1
2165 -0.05 -467.028 0 1
2166 -0.05 -498.163 3.45846e-323 1
2167 -0.05 -529.298 9.08219e-317 1
2168 -0.05 -560.433 7.76756e-307 1
2169 -0.05 -591.569 3.45846e-323 1
2170 -0.05 3.93174e+194 9.08195e-317 1
2171 -0.05 -11.8314 7.76756e-307 1
2172 -0.05 -1.061e-312 9.08217e-317 1
2173 -0.05 -9.66885e-317 8.4847e-317 1
2174 -0.05 -9.66905e-317 8.69806e-311 1
2175 -0.05 -9.6691e-317 0 1
2176 -0.05 -0 0 1
2177 -0.05 -0 0 1
2178 -0.05 -6.93727e-310 2.96439e-323 1
2179 -0.05 -6.93727e-310 9.08223e-317 1
2180 -0.05 -9.66954e-317 5.29404e-310 1
2181 -0.05 -9.66954e-317 2.96439e-323 1
2182 -0.05 -9.66954e-317 0 1
2183 -0.05 -0 -5.61665e+303 1
2184 -0.05 -0 9.08222e-317 1
2185 -0.05 -0 8.38502e-317 1
2186 -0.05 -6.93727e-310 8.69807e-311 1
2187 -0.05 -0 6.79039e-313 1
2188 -0.05 -0 0 1
2189 -0.05 -0 0 1
2190 -0.05 -0 2.47033e-323 1
2191 -0.05 -0 9.08228e-317 1
2192 -0.05 -9.66135e-317 2.44986e-312 1
2193 -0.05 -6.93727e-310 2.47033e-323 1
2194 -0.05 -8.39912e-323 0 1
2195 -0.05 -0 2.44986e-312 1
2196 -0.05 -0 9.08227e-317 1
2197 -0.05 -6.93723e-310 8.3852e-317 1
2198 -0.05 -9.66954e-317 8.69806e-311 1
2199 -0.05 -4.04739e-320 0 1
2200 -0.05 -0 0 1
2201 -0.05 -31.1352 0 1
2202 -0.05 -62.2704 5.92879e-323 1
2203 -0.05 -93.4056 9.08234e-317 1
2204 -0.05 -124.541 4.71519e+180 1
2205 -0.05 -155.676 9.23781e-315 1
2206 -0.05 -186.811 5.92879e-323 1
2207 -0.05 -217.946 0 1
2208 -0.05 -249.082 4.71519e+180 1
2209 -0.05 -280.217 9.23781e-315 1
2210 -0.05 -311.352 9.08232e-317 1
2211 -0.05 -342.487 8.38538e-317 1
2212 -0.05 -373.623 1.11138e+277 1
2213 -0.05 -404.758 0 1
2214 -0.05 -435.893 0 1
2215 -0.05 -467.028 0 1
2216 -0.05 -498.163 5.92879e-323 1
2217 -0.05 -529.298 9.08239e-317 1
2218 -0.05 -560.433 2.80777e-85 1
2219 -0.05 -591.569 1.47302e+171 1
2220 -0.05 3.93174e+194 5.92879e-323 1
2221 -0.05 -11.8314 0 1
2222 -0.05 -1.061e-312 2.80777e-85 1
2223 -0.05 -9.66885e-317 4.34801e-315 1
2224 -0.05 -9.66905e-317 9.08237e-317 1
2225 -0.05 -9.6691e-317 9.08608e-317 1
2226 -0.05 -0 8.69806e-311 1
2227 -0.05 -0 0 1
2228 -0.05 -6.93727e-310 0 1
2229 -0.05 -6.93727e-310 0 1
2230 -0.05 -9.66954e-317 5.92879e-323 1
2231 -0.05 -9.66954e-317 9.08245e-317 1
2232 -0.05 -9.66954e-317 2.80777e-85 1
2233 -0.05 -0 4.67957e-315 1
2234 -0.05 -0 5.92879e-323 1
2235 -0.05 -0 9.08765e-317 1
2236 -0.05 -6.93727e-310 2.80777e-85 1
2237 -0.05 -0 4.67957e-315 1
2238 -0.05 -0 9.08243e-317 1
2239 -0.05 -0 9.08626e-317 1
2240 -0.05 -0 8.69806e-311 1
2241 -0.05 -0 5.92879e-323 1
2242 -0.05 -9.66135e-317 0 1
2243 -0.05 -6.93727e-310 0 1
2244 -0.05 -8.39912e-323 6.42285e-323 1
2245 -0.05 -0 9.0825e-317 1
2246 -0.05 -0 2.80777e-85 1
2247 -0.05 -6.93723e-310 1.14998e-312 1
2248 -0.05 -9.66954e-317 6.42285e-323 1
2249 -0.05 -4.04739e-320 8.48798e-314 1
2250 -0.05 -0 2.80777e-85 1
2251 -0.05 -31.1352 1.14998e-312 1
2252 -0.05 -62.2704 9.08248e-317 1
2253 -0.05 -93.4056 9.08645e-317 1
2254 -0.05 -124.541 8.69806e-311 1
2255 -0.05 -155.676 6.42285e-323 1
2256 -0.05 -186.811 0 1
2257 -0.05 -217.946 0 1
2258 -0.05 -249.082 6.42285e-323 1
2259 -0.05 -280.217 9.08256e-317 1
2260 -0.05 -311.352 2.80777e-85 1
2261 -0.05 -342.487 1.06526e-312 1
2262 -0.05 -373.623 6.42285e-323 1
2263 -0.05 -404.758 0 1
2264 -0.05 -435.893 2.80777e-85 1
2265 -0.05 -467.028 1.06526e-312 1
2266 -0.05 -498.163 9.08254e-317 1
2267 -0.05 -529.298 9.08663e-317 1
2268 -0.05 -560.433 8.69806e-311 1
2269 -0.05 -591.569 1.80285e-320 1
2270 -0.05 3.93174e+194 9.5314e-317 1
2271 -0.05 -11.8314 9.24296e-317 1
2272 -0.05 -1.061e-312 0 1
2273 -0.05 -9.66885e-317 0 1
2274 -0.05 -9.66905e-317 4.05134e-322 1
2275 -0.05 -9.6691e-317 4.94066e-324 1
2276 -0.05 -0 0 1
2277 -0.05 -0 0 1
2278 -0.05 -6.93727e-310 1.09046e-314 1
2279 -0.05 -6.93727e-310 9.6668e-317 1
2280 -0.05 -9.66954e-317 1.23757e+214 1
2281 -0.05 -9.66954e-317 9.06619e-317 1
2282 -0.05 -9.66954e-317 9.0826e-317 1
2283 -0.05 -0 9.08685e-317 1
2284 -0.05 -0 8.69806e-311 1
2285 -0.05 -0 -nan 1
2286 -0.05 -6.93727e-310 0 1
2287 -0.05 -0 0 1
2288 -0.05 -0 6.42285e-323 1
2289 -0.05 -0 9.08268e-317 1
2290 -0.05 -0 1.10379e+161 1
2291 -0.05 -0 2.51236e-312 1
2292 -0.05 -9.66135e-317 6.42285e-323 1
2293 -0.05 -6.93727e-310 9.0774e-317 1
2294 -0.05 -8.39912e-323 1.10379e+161 1
2295 -0.05 -0 2.51236e-312 1
2296 -0.05 -0 9.08266e-317 1
2297 -0.05 -6.93723e-310 9.08744e-317 1
2298 -0.05 -9.66954e-317 8.69807e-311 1
2299 -0.05 -4.04739e-320 0 1
2300 -0.05 -0 0 1
2301 -0.05 -31.1352 0 1
2302 -0.05 -62.2704 5.43472e-323 1
2303 -0.05 -93.4056 9.08273e-317 1
2304 -0.05 -124.541 3.75599e+199 1
2305 -0.05 -155.676 3.60703e-317 1
2306 -0.05 -186.811 5.43472e-323 1
2307 -0.05 -217.946 9.07803e-317 1
2308 -0.05 -249.082 3.75599e+199 1
2309 -0.05 -280.217 3.60703e-317 1
2310 -0.05 -311.352 9.08271e-317 1
2311 -0.05 -342.487 9.08762e-317 1
2312 -0.05 -373.623 8.70018e-311 1
2313 -0.05 -404.758 6.92857e+218 1
2314 -0.05 -435.893 0 1
2315 -0.05 -467.028 0 1
2316 -0.05 -498.163 5.43472e-323 1
2317 -0.05 -529.298 9.08279e-317 1
2318 -0.05 -560.433 1.05722e+214 1
2319 -0.05 -591.569 3.28425e-317 1
2320 -0.05 3.93174e+194 5.43472e-323 1
2321 -0.05 -11.8314 6.93727e-310 1
2322 -0.05 -1.061e-312 1.05722e+214 1
2323 -0.05 -9.66885e-317 -2.47284e-18 1
2324 -0.05 -9.66905e-317 9.08277e-317 1
2325 -0.05 -9.6691e-317 9.08781e-317 1
2326 -0.05 -0 8.69807e-311 1
2327 -0.05 -0 0 1
2328 -0.05 -6.93727e-310 0 1
2329 -0.05 -6.93727e-310 0 1
2330 -0.05 -9.66954e-317 7.41098e-323 1
2331 -0.05 -9.66954e-317 9.08284e-317 1
2332 -0.05 -9.66954e-317 1.05722e+214 1
2333 -0.05 -0 1.64254e-306 1
2334 -0.05 -0 7.41098e-323 1
2335 -0.05 -0 6.79039e-313 1
2336 -0.05 -6.93727e-310 1.05722e+214 1
2337 -0.05 -0 1.64254e-306 1
2338 -0.05 -0 9.08282e-317 1
2339 -0.05 -0 9.08799e-317 1
2340 -0.05 -0 8.69807e-311 1
2341 -0.05 -0 8.48798e-314 1
2342 -0.05 -9.66135e-317 0 1
2343 -0.05 -6.93727e-310 0 1
2344 -0.05 -8.39912e-323 5.92879e-323 1
2345 -0.05 -0 9.0829e-317 1
2346 -0.05 -0 1.33439e+185 1
2347 -0.05 -6.93723e-310 8.40735e-315 1
2348 -0.05 -9.66954e-317 5.92879e-323 1
2349 -0.05 -4.04739e-320 0 1
2350 -0.05 -0 1.33439e+185 1
2351 -0.05 -31.1352 8.40735e-315 1
2352 -0.05 -62.2704 9.08288e-317 1
2353 -0.05 -93.4056 9.08817e-317 1
2354 -0.05 -124.541 8.69806e-311 1
2355 -0.05 -155.676 0 1
2356 -0.05 -186.811 0 1
2357 -0.05 -217.946 0 1
2358 -0.05 -249.082 7.41098e-323 1
2359 -0.05 -280.217 9.08295e-317 1
2360 -0.05 -311.352 1.95022e+233 1
2361 -0.05 -342.487 1.72632e-306 1
2362 -0.05 -373.623 7.41098e-323 1
2363 -0.05 -404.758 9.08271e-317 1
2364 -0.05 -435.893 1.95022e+233 1
2365 -0.05 -467.028 1.72632e-306 1
2366 -0.05 -498.163 9.08293e-317 1
2367 -0.05 -529.298 9.08835e-317 1
2368 -0.05 -560.433 8.69806e-311 1
2369 -0.05 -591.569 -8.76362e+187 1
2370 -0.05 3.93174e+194 0 1
2371 -0.05 -11.8314 0 1
2372 -0.05 -1.061e-312 7.41098e-323 1
2373 -0.05 -9.66885e-317 9.08301e-317 1
2374 -0.05 -9.66905e-317 1.95022e+233 1
2375 -0.05 -9.6691e-317 1.72632e-306 1
2376 -0.05 -0 7.41098e-323 1
2377 -0.05 -0 0 1
2378 -0.05 -6.93727e-310 1.95022e+233 1
2379 -0.05 -6.93727e-310 1.72632e-306 1
2380 -0.05 -9.66954e-317 9.08299e-317 1
2381 -0.05 -9.66954e-317 9.08853e-317 1
2382 -0.05 -9.66954e-317 8.69806e-311 1
2383 -0.05 -0 0 1
2384 -0.05 -0 0 1
2385 -0.05 -0 0 1
2386 -0.05 -6.93727e-310 9.38725e-323 1
2387 -0.05 -0 9.08307e-317 1
2388 -0.05 -0 8.74509e+189 1
2389 -0.05 -0 2.1359e+161 1
2390 -0.05 -0 3.73642e-317 1
2391 -0.05 -0 9.38725e-323 1
2392 -0.05 -9.66135e-317 9.08297e-317 1
2393 -0.05 -6.93727e-310 8.74509e+189 1
2394 -0.05 -8.39912e-323 2.1359e+161 1
2395 -0.05 -0 3.73642e-317 1
2396 -0.05 -0 9.08305e-317 1
2397 -0.05 -6.93723e-310 9.08872e-317 1
2398 -0.05 -9.66954e-317 8.69807e-311 1
2399 -0.05 -4.04739e-320 8.48798e-314 1
