0 0.05 591.569 1357.47 1
1 0.05 561.991 1357.47 1
2 0.05 532.412 1357.47 1
3 0.05 502.834 1357.47 1
4 0.05 473.255 1357.47 1
5 0.05 443.677 1357.47 1
6 0.05 414.098 1357.47 1
7 0.05 384.52 1357.47 1
8 0.05 354.941 1357.47 1
9 0.05 325.363 1357.47 1
10 0.05 295.784 1357.47 1
11 0.05 266.206 1357.47 1
12 0.05 236.628 1357.47 1
13 0.05 207.049 1357.47 1
14 0.05 177.471 1357.47 1
15 0.05 147.892 1357.47 1
16 0.05 118.314 1357.47 1
17 0.05 88.7353 1357.47 1
18 0.05 59.1569 1357.47 1
19 0.05 29.5784 1357.47 1
20 0.05 591.569 1308.67 1
21 0.05 561.991 1308.67 1
22 0.05 532.412 1308.67 1
23 0.05 502.834 1308.67 1
24 0.05 473.255 1308.67 1
25 0.05 443.677 1308.67 1
26 0.05 414.098 1308.67 1
27 0.05 384.52 1308.67 1
28 0.05 354.941 1308.67 1
29 0.05 325.363 1308.67 1
30 0.05 295.784 1308.67 1
31 0.05 266.206 1308.67 1
32 0.05 236.628 1308.67 1
33 0.05 207.049 1308.67 1
34 0.05 177.471 1308.67 1
35 0.05 147.892 1308.67 1
36 0.05 118.314 1308.67 1
37 0.05 88.7353 1308.67 1
38 0.05 59.1569 1308.67 1
39 0.05 29.5784 1308.67 1
40 0.05 591.569 1245.87 1
41 0.05 561.991 1245.87 1
42 0.05 532.412 1245.87 1
43 0.05 502.834 1245.87 1
44 0.05 473.255 1245.87 1
45 0.05 443.677 1245.87 1
46 0.05 414.098 1245.87 1
47 0.05 384.52 1245.87 1
48 0.05 354.941 1245.87 1
49 0.05 325.363 1245.87 1
50 0.05 295.784 1245.87 1
51 0.05 266.206 1245.87 1
52 0.05 236.628 1245.87 1
53 0.05 207.049 1245.87 1
54 0.05 177.471 1245.87 1
55 0.05 147.892 1245.87 1
56 0.05 118.314 1245.87 1
57 0.05 88.7353 1245.87 1
58 0.05 59.1569 1245.87 1
59 0.05 29.5784 1245.87 1
60 0.05 591.569 1197.07 1
61 0.05 561.991 1197.07 1
62 0.05 532.412 1197.07 1
63 0.05 502.834 1197.07 1
64 0.05 473.255 1197.07 1
65 0.05 443.677 1197.07 1
66 0.05 414.098 1197.07 1
67 0.05 384.52 1197.07 1
68 0.05 354.941 1197.07 1
69 0.05 325.363 1197.07 1
70 0.05 295.784 1197.07 1
71 0.05 266.206 1197.07 1
72 0.05 236.628 1197.07 1
73 0.05 207.049 1197.07 1
74 0.05 177.471 1197.07 1
75 0.05 147.892 1197.07 1
76 0.05 118.314 1197.07 1
77 0.05 88.7353 1197.07 1
78 0.05 59.1569 1197.07 1
79 0.05 29.5784 1197.07 1
80 0.05 591.569 1125.08 1
81 0.05 561.991 1125.08 1
82 0.05 532.412 1125.08 1
83 0.05 502.834 1125.08 1
84 0.05 473.255 1125.08 1
85 0.05 443.677 1125.08 1
86 0.05 414.098 1125.08 1
87 0.05 384.52 1125.08 1
88 0.05 354.941 1125.08 1
89 0.05 325.363 1125.08 1
90 0.05 295.784 1125.08 1
91 0.05 266.206 1125.08 1
92 0.05 236.628 1125.08 1
93 0.05 207.049 1125.08 1
94 0.05 177.471 1125.08 1
95 0.05 147.892 1125.08 1
96 0.05 118.314 1125.08 1
97 0.05 88.7353 1125.08 1
98 0.05 59.1569 1125.08 1
99 0.05 29.5784 1125.08 1
100 0.05 591.569 1076.28 1
101 0.05 561.991 1076.28 1
102 0.05 532.412 1076.28 1
103 0.05 502.834 1076.28 1
104 0.05 473.255 1076.28 1
105 0.05 443.677 1076.28 1
106 0.05 414.098 1076.28 1
107 0.05 384.52 1076.28 1
108 0.05 354.941 1076.28 1
109 0.05 325.363 1076.28 1
110 0.05 295.784 1076.28 1
111 0.05 266.206 1076.28 1
112 0.05 236.628 1076.28 1
113 0.05 207.049 1076.28 1
114 0.05 177.471 1076.28 1
115 0.05 147.892 1076.28 1
116 0.05 118.314 1076.28 1
117 0.05 88.7353 1076.28 1
118 0.05 59.1569 1076.28 1
119 0.05 29.5784 1076.28 1
120 0.05 591.569 1013.48 1
121 0.05 561.991 1013.48 1
122 0.05 532.412 1013.48 1
123 0.05 502.834 1013.48 1
124 0.05 473.255 1013.48 1
125 0.05 443.677 1013.48 1
126 0.05 414.098 1013.48 1
127 0.05 384.52 1013.48 1
128 0.05 354.941 1013.48 1
129 0.05 325.363 1013.48 1
130 0.05 295.784 1013.48 1
131 0.05 266.206 1013.48 1
132 0.05 236.628 1013.48 1
133 0.05 207.049 1013.48 1
134 0.05 177.471 1013.48 1
135 0.05 147.892 1013.48 1
136 0.05 118.314 1013.48 1
137 0.05 88.7353 1013.48 1
138 0.05 59.1569 1013.48 1
139 0.05 29.5784 1013.48 1
140 0.05 591.569 964.679 1
141 0.05 561.991 964.679 1
142 0.05 532.412 964.679 1
143 0.05 502.834 964.679 1
144 0.05 473.255 964.679 1
145 0.05 443.677 964.679 1
146 0.05 414.098 964.679 1
147 0.05 384.52 964.679 1
148 0.05 354.941 964.679 1
149 0.05 325.363 964.679 1
150 0.05 295.784 964.679 1
151 0.05 266.206 964.679 1
152 0.05 236.628 964.679 1
153 0.05 207.049 964.679 1
154 0.05 177.471 964.679 1
155 0.05 147.892 964.679 1
156 0.05 118.314 964.679 1
157 0.05 88.7353 964.679 1
158 0.05 59.1569 964.679 1
159 0.05 29.5784 964.679 1
160 0.05 591.569 892.689 1
161 0.05 561.991 892.689 1
162 0.05 532.412 892.689 1
163 0.05 502.834 892.689 1
164 0.05 473.255 892.689 1
165 0.05 443.677 892.689 1
166 0.05 414.098 892.689 1
167 0.05 384.52 892.689 1
168 0.05 354.941 892.689 1
169 0.05 325.363 892.689 1
170 0.05 295.784 892.689 1
171 0.05 266.206 892.689 1
172 0.05 236.628 892.689 1
173 0.05 207.049 892.689 1
174 0.05 177.471 892.689 1
175 0.05 147.892 892.689 1
176 0.05 118.314 892.689 1
177 0.05 88.7353 892.689 1
178 0.05 59.1569 892.689 1
179 0.05 29.5784 892.689 1
180 0.05 591.569 843.889 1
181 0.05 561.991 843.889 1
182 0.05 532.412 843.889 1
183 0.05 502.834 843.889 1
184 0.05 473.255 843.889 1
185 0.05 443.677 843.889 1
186 0.05 414.098 843.889 1
187 0.05 384.52 843.889 1
188 0.05 354.941 843.889 1
189 0.05 325.363 843.889 1
190 0.05 295.784 843.889 1
191 0.05 266.206 843.889 1
192 0.05 236.628 843.889 1
193 0.05 207.049 843.889 1
194 0.05 177.471 843.889 1
195 0.05 147.892 843.889 1
196 0.05 118.314 843.889 1
197 0.05 88.7353 843.889 1
198 0.05 59.1569 843.889 1
199 0.05 29.5784 843.889 1
200 0.05 591.569 781.089 1
201 0.05 561.991 781.089 1
202 0.05 532.412 781.089 1
203 0.05 502.834 781.089 1
204 0.05 473.255 781.089 1
205 0.05 443.677 781.089 1
206 0.05 414.098 781.089 1
207 0.05 384.52 781.089 1
208 0.05 354.941 781.089 1
209 0.05 325.363 781.089 1
210 0.05 295.784 781.089 1
211 0.05 266.206 781.089 1
212 0.05 236.628 781.089 1
213 0.05 207.049 781.089 1
214 0.05 177.471 781.089 1
215 0.05 147.892 781.089 1
216 0.05 118.314 781.089 1
217 0.05 88.7353 781.089 1
218 0.05 59.1569 781.089 1
219 0.05 29.5784 781.089 1
220 0.05 591.569 732.289 1
221 0.05 561.991 732.289 1
222 0.05 532.412 732.289 1
223 0.05 502.834 732.289 1
224 0.05 473.255 732.289 1
225 0.05 443.677 732.289 1
226 0.05 414.098 732.289 1
227 0.05 384.52 732.289 1
228 0.05 354.941 732.289 1
229 0.05 325.363 732.289 1
230 0.05 295.784 732.289 1
231 0.05 266.206 732.289 1
232 0.05 236.628 732.289 1
233 0.05 207.049 732.289 1
234 0.05 177.471 732.289 1
235 0.05 147.892 732.289 1
236 0.05 118.314 732.289 1
237 0.05 88.7353 732.289 1
238 0.05 59.1569 732.289 1
239 0.05 29.5784 732.289 1
240 0.05 591.569 660.299 1
241 0.05 561.991 660.299 1
242 0.05 532.412 660.299 1
243 0.05 502.834 660.299 1
244 0.05 473.255 660.299 1
245 0.05 443.677 660.299 1
246 0.05 414.098 660.299 1
247 0.05 384.52 660.299 1
248 0.05 354.941 660.299 1
249 0.05 325.363 660.299 1
250 0.05 295.784 660.299 1
251 0.05 266.206 660.299 1
252 0.05 236.628 660.299 1
253 0.05 207.049 660.299 1
254 0.05 177.471 660.299 1
255 0.05 147.892 660.299 1
256 0.05 118.314 660.299 1
257 0.05 88.7353 660.299 1
258 0.05 59.1569 660.299 1
259 0.05 29.5784 660.299 1
260 0.05 591.569 611.499 1
261 0.05 561.991 611.499 1
262 0.05 532.412 611.499 1
263 0.05 502.834 611.499 1
264 0.05 473.255 611.499 1
265 0.05 443.677 611.499 1
266 0.05 414.098 611.499 1
267 0.05 384.52 611.499 1
268 0.05 354.941 611.499 1
269 0.05 325.363 611.499 1
270 0.05 295.784 611.499 1
271 0.05 266.206 611.499 1
272 0.05 236.628 611.499 1
273 0.05 207.049 611.499 1
274 0.05 177.471 611.499 1
275 0.05 147.892 611.499 1
276 0.05 118.314 611.499 1
277 0.05 88.7353 611.499 1
278 0.05 59.1569 611.499 1
279 0.05 29.5784 611.499 1
280 0.05 591.569 548.699 1
281 0.05 561.991 548.699 1
282 0.05 532.412 548.699 1
283 0.05 502.834 548.699 1
284 0.05 473.255 548.699 1
285 0.05 443.677 548.699 1
286 0.05 414.098 548.699 1
287 0.05 384.52 548.699 1
288 0.05 354.941 548.699 1
289 0.05 325.363 548.699 1
290 0.05 295.784 548.699 1
291 0.05 266.206 548.699 1
292 0.05 236.628 548.699 1
293 0.05 207.049 548.699 1
294 0.05 177.471 548.699 1
295 0.05 147.892 548.699 1
296 0.05 118.314 548.699 1
297 0.05 88.7353 548.699 1
298 0.05 59.1569 548.699 1
299 0.05 29.5784 548.699 1
300 0.05 591.569 499.899 1
301 0.05 561.991 499.899 1
302 0.05 532.412 499.899 1
303 0.05 502.834 499.899 1
304 0.05 473.255 499.899 1
305 0.05 443.677 499.899 1
306 0.05 414.098 499.899 1
307 0.05 384.52 499.899 1
308 0.05 354.941 499.899 1
309 0.05 325.363 499.899 1
310 0.05 295.784 499.899 1
311 0.05 266.206 499.899 1
312 0.05 236.628 499.899 1
313 0.05 207.049 499.899 1
314 0.05 177.471 499.899 1
315 0.05 147.892 499.899 1
316 0.05 118.314 499.899 1
317 0.05 88.7353 499.899 1
318 0.05 59.1569 499.899 1
319 0.05 29.5784 499.899 1
320 0.05 591.569 427.909 1
321 0.05 561.991 427.909 1
322 0.05 532.412 427.909 1
323 0.05 502.834 427.909 1
324 0.05 473.255 427.909 1
325 0.05 443.677 427.909 1
326 0.05 414.098 427.909 1
327 0.05 384.52 427.909 1
328 0.05 354.941 427.909 1
329 0.05 325.363 427.909 1
330 0.05 295.784 427.909 1
331 0.05 266.206 427.909 1
332 0.05 236.628 427.909 1
333 0.05 207.049 427.909 1
334 0.05 177.471 427.909 1
335 0.05 147.892 427.909 1
336 0.05 118.314 427.909 1
337 0.05 88.7353 427.909 1
338 0.05 59.1569 427.909 1
339 0.05 29.5784 427.909 1
340 0.05 591.569 379.109 1
341 0.05 561.991 379.109 1
342 0.05 532.412 379.109 1
343 0.05 502.834 379.109 1
344 0.05 473.255 379.109 1
345 0.05 443.677 379.109 1
346 0.05 414.098 379.109 1
347 0.05 384.52 379.109 1
348 0.05 354.941 379.109 1
349 0.05 325.363 379.109 1
350 0.05 295.784 379.109 1
351 0.05 266.206 379.109 1
352 0.05 236.628 379.109 1
353 0.05 207.049 379.109 1
354 0.05 177.471 379.109 1
355 0.05 147.892 379.109 1
356 0.05 118.314 379.109 1
357 0.05 88.7353 379.109 1
358 0.05 59.1569 379.109 1
359 0.05 29.5784 379.109 1
360 0.05 591.569 316.309 1
361 0.05 561.991 316.309 1
362 0.05 532.412 316.309 1
363 0.05 502.834 316.309 1
364 0.05 473.255 316.309 1
365 0.05 443.677 316.309 1
366 0.05 414.098 316.309 1
367 0.05 384.52 316.309 1
368 0.05 354.941 316.309 1
369 0.05 325.363 316.309 1
370 0.05 295.784 316.309 1
371 0.05 266.206 316.309 1
372 0.05 236.628 316.309 1
373 0.05 207.049 316.309 1
374 0.05 177.471 316.309 1
375 0.05 147.892 316.309 1
376 0.05 118.314 316.309 1
377 0.05 88.7353 316.309 1
378 0.05 59.1569 316.309 1
379 0.05 29.5784 316.309 1
380 0.05 591.569 267.509 1
381 0.05 561.991 267.509 1
382 0.05 532.412 267.509 1
383 0.05 502.834 267.509 1
384 0.05 473.255 267.509 1
385 0.05 443.677 267.509 1
386 0.05 414.098 267.509 1
387 0.05 384.52 267.509 1
388 0.05 354.941 267.509 1
389 0.05 325.363 267.509 1
390 0.05 295.784 267.509 1
391 0.05 266.206 267.509 1
392 0.05 236.628 267.509 1
393 0.05 207.049 267.509 1
394 0.05 177.471 267.509 1
395 0.05 147.892 267.509 1
396 0.05 118.314 267.509 1
397 0.05 88.7353 267.509 1
398 0.05 59.1569 267.509 1
399 0.05 29.5784 267.509 1
400 0.05 591.569 195.519 1
401 0.05 561.991 195.519 1
402 0.05 532.412 195.519 1
403 0.05 502.834 195.519 1
404 0.05 473.255 195.519 1
405 0.05 443.677 195.519 1
406 0.05 414.098 195.519 1
407 0.05 384.52 195.519 1
408 0.05 354.941 195.519 1
409 0.05 325.363 195.519 1
410 0.05 295.784 195.519 1
411 0.05 266.206 195.519 1
412 0.05 236.628 195.519 1
413 0.05 207.049 195.519 1
414 0.05 177.471 195.519 1
415 0.05 147.892 195.519 1
416 0.05 118.314 195.519 1
417 0.05 88.7353 195.519 1
418 0.05 59.1569 195.519 1
419 0.05 29.5784 195.519 1
420 0.05 591.569 146.719 1
421 0.05 561.991 146.719 1
422 0.05 532.412 146.719 1
423 0.05 502.834 146.719 1
424 0.05 473.255 146.719 1
425 0.05 443.677 146.719 1
426 0.05 414.098 146.719 1
427 0.05 384.52 146.719 1
428 0.05 354.941 146.719 1
429 0.05 325.363 146.719 1
430 0.05 295.784 146.719 1
431 0.05 266.206 146.719 1
432 0.05 236.628 146.719 1
433 0.05 207.049 146.719 1
434 0.05 177.471 146.719 1
435 0.05 147.892 146.719 1
436 0.05 118.314 146.719 1
437 0.05 88.7353 146.719 1
438 0.05 59.1569 146.719 1
439 0.05 29.5784 146.719 1
440 0.05 591.569 83.9188 1
441 0.05 561.991 83.9188 1
442 0.05 532.412 83.9188 1
443 0.05 502.834 83.9188 1
444 0.05 473.255 83.9188 1
445 0.05 443.677 83.9188 1
446 0.05 414.098 83.9188 1
447 0.05 384.52 83.9188 1
448 0.05 354.941 83.9188 1
449 0.05 325.363 83.9188 1
450 0.05 295.784 83.9188 1
451 0.05 266.206 83.9188 1
452 0.05 236.628 83.9188 1
453 0.05 207.049 83.9188 1
454 0.05 177.471 83.9188 1
455 0.05 147.892 83.9188 1
456 0.05 118.314 83.9188 1
457 0.05 88.7353 83.9188 1
458 0.05 59.1569 83.9188 1
459 0.05 29.5784 83.9188 1
460 0.05 591.569 35.1188 1
461 0.05 561.991 35.1188 1
462 0.05 532.412 35.1188 1
463 0.05 502.834 35.1188 1
464 0.05 473.255 35.1188 1
465 0.05 443.677 35.1188 1
466 0.05 414.098 35.1188 1
467 0.05 384.52 35.1188 1
468 0.05 354.941 35.1188 1
469 0.05 325.363 35.1188 1
470 0.05 295.784 35.1188 1
471 0.05 266.206 35.1188 1
472 0.05 236.628 35.1188 1
473 0.05 207.049 35.1188 1
474 0.05 177.471 35.1188 1
475 0.05 147.892 35.1188 1
476 0.05 118.314 35.1188 1
477 0.05 88.7353 35.1188 1
478 0.05 59.1569 35.1188 1
479 0.05 29.5784 35.1188 1
480 -0.05 -29.5785 1357.47 1
481 -0.05 -59.1569 1357.47 1
482 -0.05 -88.7353 1357.47 1
483 -0.05 -118.314 1357.47 1
484 -0.05 -147.892 1357.47 1
485 -0.05 -177.471 1357.47 1
486 -0.05 -207.049 1357.47 1
487 -0.05 -236.628 1357.47 1
488 -0.05 -266.206 1357.47 1
489 -0.05 -295.784 1357.47 1
490 -0.05 -325.363 1357.47 1
491 -0.05 -354.941 1357.47 1
492 -0.05 -384.52 1357.47 1
493 -0.05 -414.098 1357.47 1
494 -0.05 -443.677 1357.47 1
495 -0.05 -473.255 1357.47 1
496 -0.05 -502.834 1357.47 1
497 -0.05 -532.412 1357.47 1
498 -0.05 -561.991 1357.47 1
499 -0.05 -591.569 1357.47 1
500 -0.05 -29.5785 1308.67 1
501 -0.05 -59.1569 1308.67 1
502 -0.05 -88.7353 1308.67 1
503 -0.05 -118.314 1308.67 1
504 -0.05 -147.892 1308.67 1
505 -0.05 -177.471 1308.67 1
506 -0.05 -207.049 1308.67 1
507 -0.05 -236.628 1308.67 1
508 -0.05 -266.206 1308.67 1
509 -0.05 -295.784 1308.67 1
510 -0.05 -325.363 1308.67 1
511 -0.05 -354.941 1308.67 1
512 -0.05 -384.52 1308.67 1
513 -0.05 -414.098 1308.67 1
514 -0.05 -443.677 1308.67 1
515 -0.05 -473.255 1308.67 1
516 -0.05 -502.834 1308.67 1
517 -0.05 -532.412 1308.67 1
518 -0.05 -561.991 1308.67 1
519 -0.05 -591.569 1308.67 1
520 -0.05 -29.5785 1245.87 1
521 -0.05 -59.1569 1245.87 1
522 -0.05 -88.7353 1245.87 1
523 -0.05 -118.314 1245.87 1
524 -0.05 -147.892 1245.87 1
525 -0.05 -177.471 1245.87 1
526 -0.05 -207.049 1245.87 1
527 -0.05 -236.628 1245.87 1
528 -0.05 -266.206 1245.87 1
529 -0.05 -295.784 1245.87 1
530 -0.05 -325.363 1245.87 1
531 -0.05 -354.941 1245.87 1
532 -0.05 -384.52 1245.87 1
533 -0.05 -414.098 1245.87 1
534 -0.05 -443.677 1245.87 1
535 -0.05 -473.255 1245.87 1
536 -0.05 -502.834 1245.87 1
537 -0.05 -532.412 1245.87 1
538 -0.05 -561.991 1245.87 1
539 -0.05 -591.569 1245.87 1
540 -0.05 -29.5785 1197.07 1
541 -0.05 -59.1569 1197.07 1
542 -0.05 -88.7353 1197.07 1
543 -0.05 -118.314 1197.07 1
544 -0.05 -147.892 1197.07 1
545 -0.05 -177.471 1197.07 1
546 -0.05 -207.049 1197.07 1
547 -0.05 -236.628 1197.07 1
548 -0.05 -266.206 1197.07 1
549 -0.05 -295.784 1197.07 1
550 -0.05 -325.363 1197.07 1
551 -0.05 -354.941 1197.07 1
552 -0.05 -384.52 1197.07 1
553 -0.05 -414.098 1197.07 1
554 -0.05 -443.677 1197.07 1
555 -0.05 -473.255 1197.07 1
556 -0.05 -502.834 1197.07 1
557 -0.05 -532.412 1197.07 1
558 -0.05 -561.991 1197.07 1
559 -0.05 -591.569 1197.07 1
560 -0.05 -29.5785 1125.08 1
561 -0.05 -59.1569 1125.08 1
562 -0.05 -88.7353 1125.08 1
563 -0.05 -118.314 1125.08 1
564 -0.05 -147.892 1125.08 1
565 -0.05 -177.471 1125.08 1
566 -0.05 -207.049 1125.08 1
567 -0.05 -236.628 1125.08 1
568 -0.05 -266.206 1125.08 1
569 -0.05 -295.784 1125.08 1
570 -0.05 -325.363 1125.08 1
571 -0.05 -354.941 1125.08 1
572 -0.05 -384.52 1125.08 1
573 -0.05 -414.098 1125.08 1
574 -0.05 -443.677 1125.08 1
575 -0.05 -473.255 1125.08 1
576 -0.05 -502.834 1125.08 1
577 -0.05 -532.412 1125.08 1
578 -0.05 -561.991 1125.08 1
579 -0.05 -591.569 1125.08 1
580 -0.05 -29.5785 1076.28 1
581 -0.05 -59.1569 1076.28 1
582 -0.05 -88.7353 1076.28 1
583 -0.05 -118.314 1076.28 1
584 -0.05 -147.892 1076.28 1
585 -0.05 -177.471 1076.28 1
586 -0.05 -207.049 1076.28 1
587 -0.05 -236.628 1076.28 1
588 -0.05 -266.206 1076.28 1
589 -0.05 -295.784 1076.28 1
590 -0.05 -325.363 1076.28 1
591 -0.05 -354.941 1076.28 1
592 -0.05 -384.52 1076.28 1
593 -0.05 -414.098 1076.28 1
594 -0.05 -443.677 1076.28 1
595 -0.05 -473.255 1076.28 1
596 -0.05 -502.834 1076.28 1
597 -0.05 -532.412 1076.28 1
598 -0.05 -561.991 1076.28 1
599 -0.05 -591.569 1076.28 1
600 -0.05 -29.5785 1013.48 1
601 -0.05 -59.1569 1013.48 1
602 -0.05 -88.7353 1013.48 1
603 -0.05 -118.314 1013.48 1
604 -0.05 -147.892 1013.48 1
605 -0.05 -177.471 1013.48 1
606 -0.05 -207.049 1013.48 1
607 -0.05 -236.628 1013.48 1
608 -0.05 -266.206 1013.48 1
609 -0.05 -295.784 1013.48 1
610 -0.05 -325.363 1013.48 1
611 -0.05 -354.941 1013.48 1
612 -0.05 -384.52 1013.48 1
613 -0.05 -414.098 1013.48 1
614 -0.05 -443.677 1013.48 1
615 -0.05 -473.255 1013.48 1
616 -0.05 -502.834 1013.48 1
617 -0.05 -532.412 1013.48 1
618 -0.05 -561.991 1013.48 1
619 -0.05 -591.569 1013.48 1
620 -0.05 -29.5785 964.679 1
621 -0.05 -59.1569 964.679 1
622 -0.05 -88.7353 964.679 1
623 -0.05 -118.314 964.679 1
624 -0.05 -147.892 964.679 1
625 -0.05 -177.471 964.679 1
626 -0.05 -207.049 964.679 1
627 -0.05 -236.628 964.679 1
628 -0.05 -266.206 964.679 1
629 -0.05 -295.784 964.679 1
630 -0.05 -325.363 964.679 1
631 -0.05 -354.941 964.679 1
632 -0.05 -384.52 964.679 1
633 -0.05 -414.098 964.679 1
634 -0.05 -443.677 964.679 1
635 -0.05 -473.255 964.679 1
636 -0.05 -502.834 964.679 1
637 -0.05 -532.412 964.679 1
638 -0.05 -561.991 964.679 1
639 -0.05 -591.569 964.679 1
640 -0.05 -29.5785 892.689 1
641 -0.05 -59.1569 892.689 1
642 -0.05 -88.7353 892.689 1
643 -0.05 -118.314 892.689 1
644 -0.05 -147.892 892.689 1
645 -0.05 -177.471 892.689 1
646 -0.05 -207.049 892.689 1
647 -0.05 -236.628 892.689 1
648 -0.05 -266.206 892.689 1
649 -0.05 -295.784 892.689 1
650 -0.05 -325.363 892.689 1
651 -0.05 -354.941 892.689 1
652 -0.05 -384.52 892.689 1
653 -0.05 -414.098 892.689 1
654 -0.05 -443.677 892.689 1
655 -0.05 -473.255 892.689 1
656 -0.05 -502.834 892.689 1
657 -0.05 -532.412 892.689 1
658 -0.05 -561.991 892.689 1
659 -0.05 -591.569 892.689 1
660 -0.05 -29.5785 843.889 1
661 -0.05 -59.1569 843.889 1
662 -0.05 -88.7353 843.889 1
663 -0.05 -118.314 843.889 1
664 -0.05 -147.892 843.889 1
665 -0.05 -177.471 843.889 1
666 -0.05 -207.049 843.889 1
667 -0.05 -236.628 843.889 1
668 -0.05 -266.206 843.889 1
669 -0.05 -295.784 843.889 1
670 -0.05 -325.363 843.889 1
671 -0.05 -354.941 843.889 1
672 -0.05 -384.52 843.889 1
673 -0.05 -414.098 843.889 1
674 -0.05 -443.677 843.889 1
675 -0.05 -473.255 843.889 1
676 -0.05 -502.834 843.889 1
677 -0.05 -532.412 843.889 1
678 -0.05 -561.991 843.889 1
679 -0.05 -591.569 843.889 1
680 -0.05 -29.5785 781.089 1
681 -0.05 -59.1569 781.089 1
682 -0.05 -88.7353 781.089 1
683 -0.05 -118.314 781.089 1
684 -0.05 -147.892 781.089 1
685 -0.05 -177.471 781.089 1
686 -0.05 -207.049 781.089 1
687 -0.05 -236.628 781.089 1
688 -0.05 -266.206 781.089 1
689 -0.05 -295.784 781.089 1
690 -0.05 -325.363 781.089 1
691 -0.05 -354.941 781.089 1
692 -0.05 -384.52 781.089 1
693 -0.05 -414.098 781.089 1
694 -0.05 -443.677 781.089 1
695 -0.05 -473.255 781.089 1
696 -0.05 -502.834 781.089 1
697 -0.05 -532.412 781.089 1
698 -0.05 -561.991 781.089 1
699 -0.05 -591.569 781.089 1
700 -0.05 -29.5785 732.289 1
701 -0.05 -59.1569 732.289 1
702 -0.05 -88.7353 732.289 1
703 -0.05 -118.314 732.289 1
704 -0.05 -147.892 732.289 1
705 -0.05 -177.471 732.289 1
706 -0.05 -207.049 732.289 1
707 -0.05 -236.628 732.289 1
708 -0.05 -266.206 732.289 1
709 -0.05 -295.784 732.289 1
710 -0.05 -325.363 732.289 1
711 -0.05 -354.941 732.289 1
712 -0.05 -384.52 732.289 1
713 -0.05 -414.098 732.289 1
714 -0.05 -443.677 732.289 1
715 -0.05 -473.255 732.289 1
716 -0.05 -502.834 732.289 1
717 -0.05 -532.412 732.289 1
718 -0.05 -561.991 732.289 1
719 -0.05 -591.569 732.289 1
720 -0.05 -29.5785 660.299 1
721 -0.05 -59.1569 660.299 1
722 -0.05 -88.7353 660.299 1
723 -0.05 -118.314 660.299 1
724 -0.05 -147.892 660.299 1
725 -0.05 -177.471 660.299 1
726 -0.05 -207.049 660.299 1
727 -0.05 -236.628 660.299 1
728 -0.05 -266.206 660.299 1
729 -0.05 -295.784 660.299 1
730 -0.05 -325.363 660.299 1
731 -0.05 -354.941 660.299 1
732 -0.05 -384.52 660.299 1
733 -0.05 -414.098 660.299 1
734 -0.05 -443.677 660.299 1
735 -0.05 -473.255 660.299 1
736 -0.05 -502.834 660.299 1
737 -0.05 -532.412 660.299 1
738 -0.05 -561.991 660.299 1
739 -0.05 -591.569 660.299 1
740 -0.05 -29.5785 611.499 1
741 -0.05 -59.1569 611.499 1
742 -0.05 -88.7353 611.499 1
743 -0.05 -118.314 611.499 1
744 -0.05 -147.892 611.499 1
745 -0.05 -177.471 611.499 1
746 -0.05 -207.049 611.499 1
747 -0.05 -236.628 611.499 1
748 -0.05 -266.206 611.499 1
749 -0.05 -295.784 611.499 1
750 -0.05 -325.363 611.499 1
751 -0.05 -354.941 611.499 1
752 -0.05 -384.52 611.499 1
753 -0.05 -414.098 611.499 1
754 -0.05 -443.677 611.499 1
755 -0.05 -473.255 611.499 1
756 -0.05 -502.834 611.499 1
757 -0.05 -532.412 611.499 1
758 -0.05 -561.991 611.499 1
759 -0.05 -591.569 611.499 1
760 -0.05 -29.5785 548.699 1
761 -0.05 -59.1569 548.699 1
762 -0.05 -88.7353 548.699 1
763 -0.05 -118.314 548.699 1
764 -0.05 -147.892 548.699 1
765 -0.05 -177.471 548.699 1
766 -0.05 -207.049 548.699 1
767 -0.05 -236.628 548.699 1
768 -0.05 -266.206 548.699 1
769 -0.05 -295.784 548.699 1
770 -0.05 -325.363 548.699 1
771 -0.05 -354.941 548.699 1
772 -0.05 -384.52 548.699 1
773 -0.05 -414.098 548.699 1
774 -0.05 -443.677 548.699 1
775 -0.05 -473.255 548.699 1
776 -0.05 -502.834 548.699 1
777 -0.05 -532.412 548.699 1
778 -0.05 -561.991 548.699 1
779 -0.05 -591.569 548.699 1
780 -0.05 -29.5785 499.899 1
781 -0.05 -59.1569 499.899 1
782 -0.05 -88.7353 499.899 1
783 -0.05 -118.314 499.899 1
784 -0.05 -147.892 499.899 1
785 -0.05 -177.471 499.899 1
786 -0.05 -207.049 499.899 1
787 -0.05 -236.628 499.899 1
788 -0.05 -266.206 499.899 1
789 -0.05 -295.784 499.899 1
790 -0.05 -325.363 499.899 1
791 -0.05 -354.941 499.899 1
792 -0.05 -384.52 499.899 1
793 -0.05 -414.098 499.899 1
794 -0.05 -443.677 499.899 1
795 -0.05 -473.255 499.899 1
796 -0.05 -502.834 499.899 1
797 -0.05 -532.412 499.899 1
798 -0.05 -561.991 499.899 1
799 -0.05 -591.569 499.899 1
800 -0.05 -29.5785 427.909 1
801 -0.05 -59.1569 427.909 1
802 -0.05 -88.7353 427.909 1
803 -0.05 -118.314 427.909 1
804 -0.05 -147.892 427.909 1
805 -0.05 -177.471 427.909 1
806 -0.05 -207.049 427.909 1
807 -0.05 -236.628 427.909 1
808 -0.05 -266.206 427.909 1
809 -0.05 -295.784 427.909 1
810 -0.05 -325.363 427.909 1
811 -0.05 -354.941 427.909 1
812 -0.05 -384.52 427.909 1
813 -0.05 -414.098 427.909 1
814 -0.05 -443.677 427.909 1
815 -0.05 -473.255 427.909 1
816 -0.05 -502.834 427.909 1
817 -0.05 -532.412 427.909 1
818 -0.05 -561.991 427.909 1
819 -0.05 -591.569 427.909 1
820 -0.05 -29.5785 379.109 1
821 -0.05 -59.1569 379.109 1
822 -0.05 -88.7353 379.109 1
823 -0.05 -118.314 379.109 1
824 -0.05 -147.892 379.109 1
825 -0.05 -177.471 379.109 1
826 -0.05 -207.049 379.109 1
827 -0.05 -236.628 379.109 1
828 -0.05 -266.206 379.109 1
829 -0.05 -295.784 379.109 1
830 -0.05 -325.363 379.109 1
831 -0.05 -354.941 379.109 1
832 -0.05 -384.52 379.109 1
833 -0.05 -414.098 379.109 1
834 -0.05 -443.677 379.109 1
835 -0.05 -473.255 379.109 1
836 -0.05 -502.834 379.109 1
837 -0.05 -532.412 379.109 1
838 -0.05 -561.991 379.109 1
839 -0.05 -591.569 379.109 1
840 -0.05 -29.5785 316.309 1
841 -0.05 -59.1569 316.309 1
842 -0.05 -88.7353 316.309 1
843 -0.05 -118.314 316.309 1
844 -0.05 -147.892 316.309 1
845 -0.05 -177.471 316.309 1
846 -0.05 -207.049 316.309 1
847 -0.05 -236.628 316.309 1
848 -0.05 -266.206 316.309 1
849 -0.05 -295.784 316.309 1
850 -0.05 -325.363 316.309 1
851 -0.05 -354.941 316.309 1
852 -0.05 -384.52 316.309 1
853 -0.05 -414.098 316.309 1
854 -0.05 -443.677 316.309 1
855 -0.05 -473.255 316.309 1
856 -0.05 -502.834 316.309 1
857 -0.05 -532.412 316.309 1
858 -0.05 -561.991 316.309 1
859 -0.05 -591.569 316.309 1
860 -0.05 -29.5785 267.509 1
861 -0.05 -59.1569 267.509 1
862 -0.05 -88.7353 267.509 1
863 -0.05 -118.314 267.509 1
864 -0.05 -147.892 267.509 1
865 -0.05 -177.471 267.509 1
866 -0.05 -207.049 267.509 1
867 -0.05 -236.628 267.509 1
868 -0.05 -266.206 267.509 1
869 -0.05 -295.784 267.509 1
870 -0.05 -325.363 267.509 1
871 -0.05 -354.941 267.509 1
872 -0.05 -384.52 267.509 1
873 -0.05 -414.098 267.509 1
874 -0.05 -443.677 267.509 1
875 -0.05 -473.255 267.509 1
876 -0.05 -502.834 267.509 1
877 -0.05 -532.412 267.509 1
878 -0.05 -561.991 267.509 1
879 -0.05 -591.569 267.509 1
880 -0.05 -29.5785 195.519 1
881 -0.05 -59.1569 195.519 1
882 -0.05 -88.7353 195.519 1
883 -0.05 -118.314 195.519 1
884 -0.05 -147.892 195.519 1
885 -0.05 -177.471 195.519 1
886 -0.05 -207.049 195.519 1
887 -0.05 -236.628 195.519 1
888 -0.05 -266.206 195.519 1
889 -0.05 -295.784 195.519 1
890 -0.05 -325.363 195.519 1
891 -0.05 -354.941 195.519 1
892 -0.05 -384.52 195.519 1
893 -0.05 -414.098 195.519 1
894 -0.05 -443.677 195.519 1
895 -0.05 -473.255 195.519 1
896 -0.05 -502.834 195.519 1
897 -0.05 -532.412 195.519 1
898 -0.05 -561.991 195.519 1
899 -0.05 -591.569 195.519 1
900 -0.05 -29.5785 146.719 1
901 -0.05 -59.1569 146.719 1
902 -0.05 -88.7353 146.719 1
903 -0.05 -118.314 146.719 1
904 -0.05 -147.892 146.719 1
905 -0.05 -177.471 146.719 1
906 -0.05 -207.049 146.719 1
907 -0.05 -236.628 146.719 1
908 -0.05 -266.206 146.719 1
909 -0.05 -295.784 146.719 1
910 -0.05 -325.363 146.719 1
911 -0.05 -354.941 146.719 1
912 -0.05 -384.52 146.719 1
913 -0.05 -414.098 146.719 1
914 -0.05 -443.677 146.719 1
915 -0.05 -473.255 146.719 1
916 -0.05 -502.834 146.719 1
917 -0.05 -532.412 146.719 1
918 -0.05 -561.991 146.719 1
919 -0.05 -591.569 146.719 1
920 -0.05 -29.5785 83.9188 1
921 -0.05 -59.1569 83.9188 1
922 -0.05 -88.7353 83.9188 1
923 -0.05 -118.314 83.9188 1
924 -0.05 -147.892 83.9188 1
925 -0.05 -177.471 83.9188 1
926 -0.05 -207.049 83.9188 1
927 -0.05 -236.628 83.9188 1
928 -0.05 -266.206 83.9188 1
929 -0.05 -295.784 83.9188 1
930 -0.05 -325.363 83.9188 1
931 -0.05 -354.941 83.9188 1
932 -0.05 -384.52 83.9188 1
933 -0.05 -414.098 83.9188 1
934 -0.05 -443.677 83.9188 1
935 -0.05 -473.255 83.9188 1
936 -0.05 -502.834 83.9188 1
937 -0.05 -532.412 83.9188 1
938 -0.05 -561.991 83.9188 1
939 -0.05 -591.569 83.9188 1
940 -0.05 -29.5785 35.1188 1
941 -0.05 -59.1569 35.1188 1
942 -0.05 -88.7353 35.1188 1
943 -0.05 -118.314 35.1188 1
944 -0.05 -147.892 35.1188 1
945 -0.05 -177.471 35.1188 1
946 -0.05 -207.049 35.1188 1
947 -0.05 -236.628 35.1188 1
948 -0.05 -266.206 35.1188 1
949 -0.05 -295.784 35.1188 1
950 -0.05 -325.363 35.1188 1
951 -0.05 -354.941 35.1188 1
952 -0.05 -384.52 35.1188 1
953 -0.05 -414.098 35.1188 1
954 -0.05 -443.677 35.1188 1
955 -0.05 -473.255 35.1188 1
956 -0.05 -502.834 35.1188 1
957 -0.05 -532.412 35.1188 1
958 -0.05 -561.991 35.1188 1
959 -0.05 -591.569 35.1188 1
